2.302584960937500000e+04
1.755907592773437500e+03
3.598726171875000000e+04
3.349076953125000000e+04
3.543162109375000000e+04
3.084847265625000000e+04
2.662551562500000000e+04
2.809502343750000000e+04
2.462070703125000000e+04
2.423207617187500000e+04
2.604019726562500000e+04
2.427134179687500000e+04
2.437081054687500000e+04
2.308328125000000000e+04
2.515260156250000000e+04
1.926139257812500000e+04
2.139536132812500000e+04
2.067532421875000000e+04
1.918576367187500000e+04
2.305759960937500000e+04
2.102245117187500000e+04
2.291508789062500000e+04
2.037741406250000000e+04
2.083412304687500000e+04
2.307760937500000000e+04
2.204539843750000000e+04
1.872669921875000000e+04
1.846909960937500000e+04
1.855224023437500000e+04
1.884144921875000000e+04
2.104106054687500000e+04
1.926151757812500000e+04
1.890630078125000000e+04
1.953492187500000000e+04
2.036337695312500000e+04
2.051362695312500000e+04
1.697851562500000000e+04
1.688837304687500000e+04
1.830730859375000000e+04
1.636202929687500000e+04
2.298122851562500000e+04
1.575361718750000000e+04
1.741139648437500000e+04
2.088250585937500000e+04
1.873827539062500000e+04
1.628295312500000000e+04
1.546883593750000000e+04
1.656978906250000000e+04
1.947786523437500000e+04
2.013593554687500000e+04
1.754293359375000000e+04
1.705220312500000000e+04
1.563236523437500000e+04
1.706445312500000000e+04
1.686917773437500000e+04
1.530108593750000000e+04
1.653441601562500000e+04
1.389217773437500000e+04
1.513718750000000000e+04
1.489853515625000000e+04
1.625373046875000000e+04
1.930452148437500000e+04
1.995975000000000000e+04
1.561323632812500000e+04
1.901061914062500000e+04
1.801957031250000000e+04
1.576175585937500000e+04
1.897394140625000000e+04
1.566194335937500000e+04
1.636841796875000000e+04
1.663798242187500000e+04
1.494507812500000000e+04
1.509263281250000000e+04
1.777496484375000000e+04
1.860354492187500000e+04
1.453677539062500000e+04
1.407233984375000000e+04
1.698422070312500000e+04
1.420946875000000000e+04
1.652759375000000000e+04
1.628481250000000000e+04
1.628937890625000000e+04
1.604498632812500000e+04
1.613880664062500000e+04
1.583962109375000000e+04
1.473379687500000000e+04
1.382470703125000000e+04
1.440055859375000000e+04
1.490530664062500000e+04
1.390008007812500000e+04
1.408942968750000000e+04
1.459915625000000000e+04
1.403009375000000000e+04
1.465464453125000000e+04
1.363109765625000000e+04
1.517942968750000000e+04
1.592105078125000000e+04
1.308131640625000000e+04
1.565355078125000000e+04
1.627168359375000000e+04
1.494815039062500000e+04
1.396589648437500000e+04
1.782646679687500000e+04
1.611365234375000000e+04
1.613027343750000000e+04
1.214964257812500000e+04
1.712583984375000000e+04
1.142053906250000000e+04
1.336249609375000000e+04
1.629672265625000000e+04
1.587886328125000000e+04
1.569094921875000000e+04
1.448719921875000000e+04
1.707517187500000000e+04
1.480958789062500000e+04
1.273601757812500000e+04
1.384248828125000000e+04
1.302317578125000000e+04
1.581466796875000000e+04
1.574745312500000000e+04
1.362224804687500000e+04
1.577197070312500000e+04
1.397532421875000000e+04
1.317897656250000000e+04
1.449697656250000000e+04
1.425152929687500000e+04
1.541397851562500000e+04
1.505614062500000000e+04
1.674804296875000000e+04
1.374206250000000000e+04
1.497884375000000000e+04
1.291347851562500000e+04
1.313242578125000000e+04
1.257348437500000000e+04
1.303193554687500000e+04
1.243123632812500000e+04
1.196609179687500000e+04
1.549384375000000000e+04
1.408231445312500000e+04
1.238605664062500000e+04
1.230758007812500000e+04
1.450810742187500000e+04
1.455947656250000000e+04
1.623903906250000000e+04
1.272396484375000000e+04
1.443866210937500000e+04
1.555568359375000000e+04
1.329308398437500000e+04
1.385501562500000000e+04
1.187926367187500000e+04
1.500440820312500000e+04
1.364151757812500000e+04
1.383303906250000000e+04
1.158245898437500000e+04
1.480373242187500000e+04
1.279134179687500000e+04
1.170990625000000000e+04
1.224225976562500000e+04
1.668033398437500000e+04
1.100483789062500000e+04
1.261172460937500000e+04
1.216638476562500000e+04
1.229414062500000000e+04
1.212362695312500000e+04
1.303298632812500000e+04
1.228918554687500000e+04
1.290190820312500000e+04
1.368832031250000000e+04
1.045121679687500000e+04
1.226053515625000000e+04
1.211205468750000000e+04
1.117832226562500000e+04
1.542298828125000000e+04
8.536265625000000000e+03
1.373823828125000000e+04
1.623624804687500000e+04
1.616528710937500000e+04
1.382350976562500000e+04
1.625310156250000000e+04
1.114187890625000000e+04
1.111507226562500000e+04
1.019056445312500000e+04
1.190682617187500000e+04
1.355005273437500000e+04
1.583734375000000000e+04
1.122263281250000000e+04
1.321568554687500000e+04
1.285469531250000000e+04
1.166548242187500000e+04
1.234279296875000000e+04
9.247132812500000000e+03
1.174929101562500000e+04
1.577768750000000000e+04
1.304855273437500000e+04
8.528294921875000000e+03
1.314689257812500000e+04
1.288012304687500000e+04
1.205950195312500000e+04
1.378138867187500000e+04
1.271254687500000000e+04
1.020084179687500000e+04
1.160687890625000000e+04
1.064121875000000000e+04
1.180213085937500000e+04
9.756656250000000000e+03
1.188444140625000000e+04
8.976183593750000000e+03
1.210008593750000000e+04
1.171643945312500000e+04
1.072438671875000000e+04
1.168594335937500000e+04
9.443656250000000000e+03
1.234412500000000000e+04
1.129883593750000000e+04
9.166621093750000000e+03
1.115050585937500000e+04
1.180968945312500000e+04
1.270960351562500000e+04
9.246419921875000000e+03
1.082526171875000000e+04
1.137483398437500000e+04
1.002996484375000000e+04
1.129786523437500000e+04
1.182681640625000000e+04
1.523202343750000000e+04
1.087557617187500000e+04
1.350016992187500000e+04
1.252584375000000000e+04
8.860804687500000000e+03
1.079189257812500000e+04
1.393716992187500000e+04
1.256609960937500000e+04
1.061135546875000000e+04
8.924722656250000000e+03
1.421323437500000000e+04
1.098772265625000000e+04
1.064362890625000000e+04
1.019229101562500000e+04
1.223718164062500000e+04
1.368761718750000000e+04
9.773974609375000000e+03
1.242551367187500000e+04
1.250095312500000000e+04
9.813830078125000000e+03
9.660005859375000000e+03
1.046247851562500000e+04
1.251509765625000000e+04
8.595873046875000000e+03
9.073109375000000000e+03
1.083070507812500000e+04
9.659726562500000000e+03
1.133183398437500000e+04
1.158401953125000000e+04
1.036489453125000000e+04
1.025504492187500000e+04
1.350939648437500000e+04
9.863126953125000000e+03
1.184705468750000000e+04
1.344378515625000000e+04
1.450989062500000000e+04
1.267174218750000000e+04
1.052822070312500000e+04
1.084561328125000000e+04
1.242196289062500000e+04
6.756099609375000000e+03
1.134052734375000000e+04
1.339572265625000000e+04
8.550775390625000000e+03
1.660401562500000000e+04
1.184406250000000000e+04
9.357458984375000000e+03
1.422004296875000000e+04
9.380080078125000000e+03
1.276636914062500000e+04
1.077521679687500000e+04
9.790875000000000000e+03
1.068422070312500000e+04
1.231391992187500000e+04
7.010281250000000000e+03
8.441007812500000000e+03
9.221580078125000000e+03
1.247273437500000000e+04
1.025091992187500000e+04
1.222387500000000000e+04
9.830742187500000000e+03
1.105522460937500000e+04
1.284159765625000000e+04
8.891785156250000000e+03
9.610984375000000000e+03
1.135655664062500000e+04
9.713642578125000000e+03
9.350505859375000000e+03
1.266101171875000000e+04
9.197919921875000000e+03
1.278563671875000000e+04
9.711953125000000000e+03
1.439372460937500000e+04
9.128074218750000000e+03
1.015820898437500000e+04
1.036841406250000000e+04
1.214222656250000000e+04
1.317520117187500000e+04
1.104046875000000000e+04
8.062007812500000000e+03
9.358181640625000000e+03
1.010158203125000000e+04
8.876095703125000000e+03
9.220791015625000000e+03
1.197971484375000000e+04
8.664044921875000000e+03
1.012753906250000000e+04
9.134611328125000000e+03
1.098010156250000000e+04
1.459190039062500000e+04
1.195219921875000000e+04
7.646500000000000000e+03
8.987351562500000000e+03
1.137995117187500000e+04
1.023054882812500000e+04
8.027175781250000000e+03
9.585318359375000000e+03
1.161308593750000000e+04
9.392009765625000000e+03
1.144361132812500000e+04
1.389313867187500000e+04
1.160953125000000000e+04
1.123392773437500000e+04
1.189273242187500000e+04
1.228682812500000000e+04
8.079078125000000000e+03
1.054683593750000000e+04
1.120001757812500000e+04
1.269274804687500000e+04
1.044335546875000000e+04
1.064456640625000000e+04
8.670240234375000000e+03
7.511792968750000000e+03
8.447902343750000000e+03
9.447458984375000000e+03
9.751902343750000000e+03
1.382891210937500000e+04
1.189058593750000000e+04
1.201378125000000000e+04
7.623179687500000000e+03
1.026801757812500000e+04
7.102199218750000000e+03
8.860880859375000000e+03
8.308132812500000000e+03
9.245431640625000000e+03
8.256033203125000000e+03
9.610699218750000000e+03
1.203060156250000000e+04
1.083456054687500000e+04
7.936953125000000000e+03
1.056584570312500000e+04
1.176497851562500000e+04
8.512179687500000000e+03
9.653162109375000000e+03
1.323171093750000000e+04
9.102992187500000000e+03
1.073158007812500000e+04
7.868529296875000000e+03
1.107172656250000000e+04
1.032215039062500000e+04
9.158140625000000000e+03
1.325273046875000000e+04
9.773441406250000000e+03
7.933888671875000000e+03
1.299227734375000000e+04
1.012038281250000000e+04
7.640871093750000000e+03
1.003592968750000000e+04
1.164520507812500000e+04
8.268232421875000000e+03
9.985837890625000000e+03
9.266738281250000000e+03
9.056632812500000000e+03
8.797896484375000000e+03
9.607458984375000000e+03
7.056767578125000000e+03
1.031669140625000000e+04
7.537427734375000000e+03
9.132117187500000000e+03
8.431093750000000000e+03
1.036625195312500000e+04
1.031856640625000000e+04
8.313033203125000000e+03
8.494425781250000000e+03
8.611021484375000000e+03
6.466449218750000000e+03
1.148538671875000000e+04
7.722974609375000000e+03
8.942609375000000000e+03
9.099750000000000000e+03
1.090740234375000000e+04
5.070523437500000000e+03
8.857595703125000000e+03
1.012811328125000000e+04
9.893123046875000000e+03
1.296904882812500000e+04
1.082052539062500000e+04
7.570431640625000000e+03
1.137519531250000000e+04
7.599533203125000000e+03
6.276187500000000000e+03
8.408884765625000000e+03
1.569183398437500000e+04
1.057772851562500000e+04
9.639617187500000000e+03
7.023314453125000000e+03
6.715269531250000000e+03
5.517337890625000000e+03
9.724808593750000000e+03
7.934451171875000000e+03
9.199484375000000000e+03
7.061199218750000000e+03
1.005078515625000000e+04
6.605699218750000000e+03
5.149308593750000000e+03
6.657529296875000000e+03
9.778833984375000000e+03
1.181118554687500000e+04
9.204585937500000000e+03
1.203908984375000000e+04
1.001725000000000000e+04
7.805289062500000000e+03
1.208159765625000000e+04
7.895402343750000000e+03
7.811337890625000000e+03
7.937949218750000000e+03
7.161507812500000000e+03
9.035478515625000000e+03
1.226798828125000000e+04
7.302505859375000000e+03
1.127090039062500000e+04
8.457619140625000000e+03
7.518097656250000000e+03
1.368715429687500000e+04
1.022307812500000000e+04
9.007449218750000000e+03
8.716855468750000000e+03
1.337188085937500000e+04
7.646652343750000000e+03
7.194912109375000000e+03
8.348833984375000000e+03
8.942283203125000000e+03
1.088211328125000000e+04
9.317873046875000000e+03
7.323210937500000000e+03
9.859947265625000000e+03
5.598439453125000000e+03
5.433625000000000000e+03
8.123611328125000000e+03
5.857056640625000000e+03
5.040683593750000000e+03
6.554246093750000000e+03
1.226995117187500000e+04
8.623445312500000000e+03
8.812460937500000000e+03
1.084974804687500000e+04
9.635925781250000000e+03
7.341292968750000000e+03
4.490947265625000000e+03
1.100402929687500000e+04
8.411552734375000000e+03
8.756312500000000000e+03
6.638773437500000000e+03
7.127042968750000000e+03
1.044970117187500000e+04
1.270878906250000000e+04
1.064361914062500000e+04
6.249289062500000000e+03
7.980347656250000000e+03
7.328681640625000000e+03
7.059095703125000000e+03
6.129439453125000000e+03
1.055355664062500000e+04
7.262660156250000000e+03
5.802353515625000000e+03
1.005916796875000000e+04
6.470816406250000000e+03
5.784785156250000000e+03
5.342710937500000000e+03
7.558580078125000000e+03
8.213085937500000000e+03
8.314166015625000000e+03
6.443908203125000000e+03
1.138018164062500000e+04
1.087558593750000000e+04
8.046521484375000000e+03
1.043141015625000000e+04
5.770816406250000000e+03
7.866113281250000000e+03
8.693503906250000000e+03
8.676304687500000000e+03
8.687558593750000000e+03
6.343292968750000000e+03
7.545949218750000000e+03
8.956878906250000000e+03
1.023696679687500000e+04
7.521388671875000000e+03
1.104681640625000000e+04
7.340898437500000000e+03
7.864265625000000000e+03
8.303460937500000000e+03
9.709099609375000000e+03
8.998566406250000000e+03
8.847146484375000000e+03
9.641720703125000000e+03
1.199263085937500000e+04
8.153140625000000000e+03
9.842832031250000000e+03
7.706802734375000000e+03
8.089378906250000000e+03
8.234689453125000000e+03
8.831000000000000000e+03
5.780054687500000000e+03
8.531527343750000000e+03
6.537365234375000000e+03
6.342941406250000000e+03
8.320738281250000000e+03
7.830564453125000000e+03
9.210523437500000000e+03
1.001219140625000000e+04
9.825763671875000000e+03
7.231943359375000000e+03
6.782992187500000000e+03
9.263316406250000000e+03
9.201568359375000000e+03
3.618933593750000000e+03
1.029995507812500000e+04
7.474453125000000000e+03
5.490195312500000000e+03
5.536568359375000000e+03
8.727886718750000000e+03
5.278123046875000000e+03
7.057005859375000000e+03
7.921345703125000000e+03
4.499257812500000000e+03
5.738376953125000000e+03
9.937550781250000000e+03
5.777232421875000000e+03
4.636863281250000000e+03
8.254056640625000000e+03
6.164279296875000000e+03
8.060925781250000000e+03
1.056269140625000000e+04
7.641888671875000000e+03
7.615855468750000000e+03
1.037409570312500000e+04
7.052773437500000000e+03
6.710150390625000000e+03
6.304794921875000000e+03
9.485695312500000000e+03
8.648867187500000000e+03
5.717423828125000000e+03
8.499816406250000000e+03
8.531613281250000000e+03
9.687046875000000000e+03
6.488480468750000000e+03
9.855417968750000000e+03
5.176921875000000000e+03
7.749917968750000000e+03
7.575406250000000000e+03
6.517716796875000000e+03
1.011525390625000000e+04
9.141050781250000000e+03
8.391554687500000000e+03
1.047987109375000000e+04
9.362019531250000000e+03
8.003402343750000000e+03
1.074924023437500000e+04
7.397236328125000000e+03
6.611232421875000000e+03
7.215154296875000000e+03
8.336796875000000000e+03
1.005248242187500000e+04
8.922457031250000000e+03
9.613058593750000000e+03
6.088751953125000000e+03
7.616558593750000000e+03
6.481001953125000000e+03
4.902271484375000000e+03
9.655310546875000000e+03
3.444839843750000000e+03
8.009695312500000000e+03
1.215552539062500000e+04
9.428267578125000000e+03
4.489908203125000000e+03
7.219970703125000000e+03
6.138875000000000000e+03
7.611199218750000000e+03
9.472226562500000000e+03
9.934898437500000000e+03
4.791248046875000000e+03
6.265937500000000000e+03
5.826429687500000000e+03
6.001912109375000000e+03
7.939332031250000000e+03
1.129829687500000000e+04
8.029558593750000000e+03
7.476291015625000000e+03
9.864283203125000000e+03
5.448472656250000000e+03
5.510919921875000000e+03
4.905039062500000000e+03
1.001028125000000000e+04
6.557554687500000000e+03
9.541390625000000000e+03
8.706761718750000000e+03
7.561916015625000000e+03
6.854095703125000000e+03
6.348328125000000000e+03
6.281429687500000000e+03
5.605958984375000000e+03
4.848880859375000000e+03
6.912384765625000000e+03
9.884468750000000000e+03
6.924029296875000000e+03
9.922943359375000000e+03
6.574820312500000000e+03
6.825107421875000000e+03
3.123365234375000000e+03
5.962212890625000000e+03
6.732312500000000000e+03
6.878509765625000000e+03
6.808882812500000000e+03
7.323779296875000000e+03
7.422708984375000000e+03
6.177525390625000000e+03
9.791738281250000000e+03
5.932203125000000000e+03
6.465894531250000000e+03
9.413236328125000000e+03
6.567523437500000000e+03
6.190910156250000000e+03
5.867787109375000000e+03
4.676099609375000000e+03
7.364623046875000000e+03
6.326353515625000000e+03
9.464617187500000000e+03
4.616041015625000000e+03
5.272781250000000000e+03
6.572826171875000000e+03
5.729117187500000000e+03
6.878892578125000000e+03
1.239104101562500000e+04
5.377361328125000000e+03
7.980392578125000000e+03
5.436101562500000000e+03
8.077125000000000000e+03
8.385339843750000000e+03
6.406046875000000000e+03
6.640841796875000000e+03
7.419097656250000000e+03
8.417824218750000000e+03
5.525638671875000000e+03
1.203690234375000000e+04
8.569822265625000000e+03
6.762716796875000000e+03
6.028378906250000000e+03
6.145072265625000000e+03
8.733189453125000000e+03
6.298162109375000000e+03
5.685132812500000000e+03
5.645931640625000000e+03
7.324214843750000000e+03
4.838074218750000000e+03
6.224945312500000000e+03
5.997033203125000000e+03
5.369876953125000000e+03
6.943480468750000000e+03
8.934441406250000000e+03
1.003669921875000000e+04
6.842896484375000000e+03
4.224660156250000000e+03
5.710933593750000000e+03
7.207203125000000000e+03
5.205025390625000000e+03
8.649964843750000000e+03
5.303339843750000000e+03
8.339974609375000000e+03
4.218724609375000000e+03
7.649095703125000000e+03
6.413263671875000000e+03
1.000232421875000000e+04
6.963398437500000000e+03
3.870152343750000000e+03
5.771794921875000000e+03
5.916542968750000000e+03
5.513187500000000000e+03
3.443103515625000000e+03
6.420089843750000000e+03
5.730300781250000000e+03
6.882960937500000000e+03
5.887597656250000000e+03
6.069796875000000000e+03
6.741980468750000000e+03
5.098431640625000000e+03
8.154734375000000000e+03
7.309619140625000000e+03
6.268501953125000000e+03
4.584511718750000000e+03
9.002341796875000000e+03
6.273253906250000000e+03
4.108400390625000000e+03
6.289410156250000000e+03
1.035684570312500000e+04
6.403656250000000000e+03
7.862929687500000000e+03
1.037045703125000000e+04
1.215818945312500000e+04
9.251607421875000000e+03
9.929742187500000000e+03
4.133312500000000000e+03
4.925923828125000000e+03
6.858205078125000000e+03
4.936876953125000000e+03
4.971933593750000000e+03
5.974208984375000000e+03
9.681972656250000000e+03
7.961900390625000000e+03
9.834591796875000000e+03
8.283357421875000000e+03
4.040251953125000000e+03
7.896917968750000000e+03
6.678744140625000000e+03
7.290691406250000000e+03
5.827636718750000000e+03
4.809904296875000000e+03
4.796396484375000000e+03
4.687412109375000000e+03
7.273554687500000000e+03
8.684832031250000000e+03
5.750603515625000000e+03
2.790423828125000000e+03
4.583898437500000000e+03
7.231242187500000000e+03
6.530769531250000000e+03
1.111818945312500000e+04
7.322121093750000000e+03
6.111175781250000000e+03
5.052960937500000000e+03
1.010696289062500000e+04
1.042047070312500000e+04
7.100451171875000000e+03
7.474513671875000000e+03
5.386359375000000000e+03
5.507408203125000000e+03
6.955414062500000000e+03
1.198984570312500000e+04
8.261162109375000000e+03
6.267630859375000000e+03
6.029107421875000000e+03
8.125917968750000000e+03
5.869916015625000000e+03
4.410060546875000000e+03
9.729857421875000000e+03
5.055382812500000000e+03
3.858173828125000000e+03
6.437472656250000000e+03
4.654777343750000000e+03
7.908593750000000000e+03
6.403117187500000000e+03
6.395462890625000000e+03
4.178433593750000000e+03
8.341822265625000000e+03
7.563375000000000000e+03
5.223957031250000000e+03
5.009681640625000000e+03
8.568939453125000000e+03
5.818000000000000000e+03
1.079594726562500000e+04
6.019830078125000000e+03
5.315308593750000000e+03
1.356173632812500000e+04
4.219398437500000000e+03
4.508000000000000000e+03
7.553310546875000000e+03
4.946173828125000000e+03
7.032111328125000000e+03
4.771312500000000000e+03
5.540675781250000000e+03
4.884599609375000000e+03
4.982054687500000000e+03
7.333656250000000000e+03
6.139140625000000000e+03
4.177917968750000000e+03
4.169308593750000000e+03
7.882794921875000000e+03
6.749720703125000000e+03
5.757253906250000000e+03
6.446855468750000000e+03
4.352412109375000000e+03
2.660150390625000000e+03
5.915166015625000000e+03
6.283283203125000000e+03
7.696587890625000000e+03
6.292900390625000000e+03
5.942738281250000000e+03
6.465796875000000000e+03
4.899625000000000000e+03
3.313675781250000000e+03
5.373466796875000000e+03
7.469767578125000000e+03
4.976486328125000000e+03
4.682019531250000000e+03
6.499154296875000000e+03
6.322300781250000000e+03
4.967195312500000000e+03
9.104630859375000000e+03
7.003822265625000000e+03
2.741240234375000000e+03
8.076322265625000000e+03
9.820984375000000000e+03
6.925287109375000000e+03
5.296851562500000000e+03
6.478302734375000000e+03
4.445000000000000000e+03
4.558904296875000000e+03
7.027005859375000000e+03
5.961232421875000000e+03
8.033166015625000000e+03
6.611708984375000000e+03
6.708349609375000000e+03
7.435134765625000000e+03
8.645927734375000000e+03
5.272531250000000000e+03
6.624962890625000000e+03
7.065166015625000000e+03
8.131281250000000000e+03
2.971982421875000000e+03
5.237531250000000000e+03
4.641167968750000000e+03
5.318105468750000000e+03
5.120593750000000000e+03
5.252679687500000000e+03
4.432742187500000000e+03
5.924367187500000000e+03
6.116912109375000000e+03
4.358277343750000000e+03
6.199039062500000000e+03
4.795406250000000000e+03
6.996599609375000000e+03
9.630273437500000000e+03
2.986722656250000000e+03
4.371634765625000000e+03
4.023173828125000000e+03
3.111830078125000000e+03
5.389478515625000000e+03
4.651433593750000000e+03
5.821427734375000000e+03
4.316478515625000000e+03
9.872658203125000000e+03
7.181708984375000000e+03
6.002402343750000000e+03
7.519119140625000000e+03
6.149253906250000000e+03
6.794097656250000000e+03
4.509205078125000000e+03
4.611728515625000000e+03
5.921253906250000000e+03
6.998537109375000000e+03
5.669177734375000000e+03
8.552376953125000000e+03
7.943306640625000000e+03
8.185705078125000000e+03
5.188250000000000000e+03
3.939802734375000000e+03
5.933650390625000000e+03
7.081410156250000000e+03
7.457921875000000000e+03
5.582791015625000000e+03
4.987683593750000000e+03
5.310679687500000000e+03
5.367488281250000000e+03
6.893650390625000000e+03
5.482423828125000000e+03
7.355513671875000000e+03
7.808326171875000000e+03
6.073357421875000000e+03
9.932841796875000000e+03
6.063792968750000000e+03
5.081955078125000000e+03
5.468697265625000000e+03
8.764257812500000000e+03
4.246882812500000000e+03
4.904718750000000000e+03
4.575136718750000000e+03
6.060283203125000000e+03
5.138402343750000000e+03
3.993205078125000000e+03
6.948476562500000000e+03
7.322593750000000000e+03
6.428691406250000000e+03
7.901064453125000000e+03
1.120914062500000000e+04
6.714605468750000000e+03
5.312582031250000000e+03
8.928130859375000000e+03
5.553001953125000000e+03
5.880416015625000000e+03
4.608599609375000000e+03
6.047490234375000000e+03
4.280005859375000000e+03
9.460597656250000000e+03
7.334945312500000000e+03
3.703742187500000000e+03
1.852867187500000000e+03
6.631111328125000000e+03
4.280101562500000000e+03
6.132359375000000000e+03
2.560380859375000000e+03
4.307974609375000000e+03
5.241437500000000000e+03
6.556222656250000000e+03
4.556597656250000000e+03
2.857636718750000000e+03
4.927107421875000000e+03
5.268871093750000000e+03
5.374580078125000000e+03
5.069748046875000000e+03
6.647142578125000000e+03
7.444257812500000000e+03
1.156446289062500000e+04
5.323523437500000000e+03
6.810230468750000000e+03
4.544595703125000000e+03
4.754878906250000000e+03
6.904621093750000000e+03
4.228666015625000000e+03
5.846511718750000000e+03
2.401250000000000000e+03
6.038580078125000000e+03
5.784056640625000000e+03
5.872046875000000000e+03
3.645574218750000000e+03
7.572476562500000000e+03
6.226378906250000000e+03
6.408929687500000000e+03
4.065183593750000000e+03
9.788406250000000000e+03
3.816980468750000000e+03
9.244367187500000000e+03
5.072246093750000000e+03
5.947003906250000000e+03
1.000955859375000000e+04
6.093988281250000000e+03
7.818558593750000000e+03
2.887031250000000000e+03
5.577566406250000000e+03
5.282554687500000000e+03
8.786933593750000000e+03
2.487347656250000000e+03
5.106539062500000000e+03
8.074269531250000000e+03
5.794300781250000000e+03
2.866312500000000000e+03
7.348492187500000000e+03
3.933898437500000000e+03
9.279718750000000000e+03
3.965898437500000000e+03
2.374285156250000000e+03
4.619003906250000000e+03
6.272054687500000000e+03
8.588125000000000000e+03
2.801835937500000000e+03
6.441835937500000000e+03
4.482835937500000000e+03
3.280593750000000000e+03
2.513441406250000000e+03
5.550847656250000000e+03
4.444332031250000000e+03
8.584492187500000000e+03
7.369093750000000000e+03
7.323136718750000000e+03
4.500117187500000000e+03
5.214093750000000000e+03
6.119781250000000000e+03
5.917742187500000000e+03
7.128234375000000000e+03
4.434554687500000000e+03
4.561996093750000000e+03
3.454078125000000000e+03
5.100218750000000000e+03
1.060588671875000000e+04
6.605484375000000000e+03
4.588226562500000000e+03
2.680339843750000000e+03
7.630218750000000000e+03
6.879765625000000000e+03
3.258910156250000000e+03
4.466417968750000000e+03
4.770042968750000000e+03
5.987531250000000000e+03
3.988339843750000000e+03
3.884519531250000000e+03
1.841554687500000000e+03
3.453148437500000000e+03
5.557593750000000000e+03
6.335656250000000000e+03
1.151168359375000000e+04
7.655753906250000000e+03
5.704019531250000000e+03
5.772792968750000000e+03
5.693527343750000000e+03
3.244511718750000000e+03
3.874312500000000000e+03
3.777929687500000000e+03
6.806871093750000000e+03
7.517613281250000000e+03
5.458746093750000000e+03
1.774882812500000000e+03
4.643539062500000000e+03
4.404867187500000000e+03
7.167226562500000000e+03
3.820500000000000000e+03
4.190925781250000000e+03
4.373562500000000000e+03
3.848582031250000000e+03
5.781156250000000000e+03
9.010187500000000000e+03
4.800562500000000000e+03
6.105902343750000000e+03
7.609023437500000000e+02
5.191738281250000000e+03
8.281250000000000000e+03
5.228410156250000000e+03
6.862765625000000000e+03
6.121937500000000000e+03
3.963421875000000000e+03
4.123660156250000000e+03
4.211207031250000000e+03
5.470824218750000000e+03
6.122421875000000000e+03
5.142164062500000000e+03
4.895484375000000000e+03
3.785835937500000000e+03
2.573320312500000000e+03
5.442285156250000000e+03
3.808566406250000000e+03
4.083250000000000000e+03
5.723312500000000000e+03
4.893289062500000000e+03
6.145957031250000000e+03
5.554429687500000000e+03
5.178515625000000000e+03
3.545613281250000000e+03
1.742515625000000000e+03
5.505761718750000000e+03
5.319367187500000000e+03
6.792296875000000000e+03
4.813691406250000000e+03
6.168140625000000000e+03
8.532835937500000000e+03
5.883855468750000000e+03
4.836386718750000000e+03
6.809179687500000000e+03
4.835671875000000000e+03
4.073253906250000000e+03
1.647632812500000000e+03
3.866042968750000000e+03
2.749152343750000000e+03
5.989859375000000000e+03
5.820691406250000000e+03
5.637648437500000000e+03
5.145675781250000000e+03
2.957921875000000000e+03
4.841011718750000000e+03
5.202203125000000000e+03
5.897550781250000000e+03
4.672726562500000000e+03
6.600125000000000000e+03
1.995867187500000000e+03
7.732535156250000000e+03
4.870816406250000000e+03
8.082062500000000000e+03
7.130195312500000000e+03
1.990632812500000000e+03
2.284371093750000000e+03
5.536558593750000000e+03
6.083882812500000000e+03
6.001765625000000000e+03
3.846367187500000000e+03
6.332746093750000000e+03
4.305527343750000000e+03
8.510148437500000000e+03
2.750121093750000000e+03
8.071746093750000000e+03
6.965074218750000000e+03
4.310335937500000000e+03
8.428796875000000000e+03
3.831042968750000000e+03
6.136847656250000000e+03
4.668109375000000000e+03
5.633992187500000000e+03
6.259910156250000000e+03
5.637199218750000000e+03
1.122855468750000000e+04
5.627179687500000000e+03
5.933328125000000000e+03
4.841718750000000000e+03
8.009031250000000000e+03
5.577535156250000000e+03
4.137175781250000000e+03
5.851859375000000000e+03
7.843402343750000000e+03
7.238460937500000000e+03
1.066799609375000000e+04
5.251828125000000000e+03
6.035386718750000000e+03
3.622015625000000000e+03
7.727769531250000000e+03
3.477820312500000000e+03
2.641988281250000000e+03
9.596039062500000000e+03
6.377488281250000000e+03
3.238960937500000000e+03
3.858460937500000000e+03
4.355949218750000000e+03
4.752226562500000000e+03
6.616203125000000000e+03
4.350257812500000000e+03
3.892730468750000000e+03
2.933316406250000000e+03
1.982894531250000000e+03
4.852511718750000000e+03
5.468445312500000000e+03
6.556414062500000000e+03
3.487929687500000000e+03
1.084179687500000000e+03
7.274394531250000000e+03
4.066281250000000000e+03
8.068941406250000000e+03
5.324761718750000000e+03
3.042988281250000000e+03
5.308359375000000000e+03
4.302792968750000000e+03
3.817316406250000000e+03
7.619101562500000000e+03
3.448355468750000000e+03
4.343789062500000000e+03
4.757128906250000000e+03
4.782261718750000000e+03
6.466664062500000000e+03
3.368750000000000000e+03
6.323257812500000000e+03
3.187960937500000000e+03
6.937171875000000000e+03
4.465593750000000000e+03
3.229183593750000000e+03
4.982707031250000000e+03
3.948871093750000000e+03
3.874460937500000000e+03
2.657902343750000000e+03
4.041570312500000000e+03
4.895792968750000000e+03
2.923171875000000000e+03
3.244753906250000000e+03
4.356917968750000000e+03
5.524339843750000000e+03
6.626832031250000000e+03
4.959929687500000000e+03
4.040003906250000000e+03
5.705316406250000000e+03
6.644414062500000000e+03
5.461187500000000000e+03
4.838835937500000000e+03
5.158683593750000000e+03
7.407542968750000000e+03
6.629539062500000000e+03
3.562527343750000000e+03
4.680371093750000000e+03
7.231378906250000000e+03
4.124746093750000000e+03
2.326699218750000000e+03
4.656824218750000000e+03
5.412378906250000000e+03
2.901070312500000000e+03
1.708597656250000000e+03
7.161863281250000000e+03
6.170492187500000000e+03
3.830394531250000000e+03
3.224390625000000000e+03
5.151449218750000000e+03
3.775425781250000000e+03
4.909664062500000000e+03
2.921996093750000000e+03
1.669039062500000000e+03
4.663382812500000000e+03
2.523082031250000000e+03
5.329496093750000000e+03
3.359898437500000000e+03
4.834605468750000000e+03
7.576445312500000000e+03
5.156929687500000000e+03
2.859980468750000000e+03
5.761843750000000000e+03
2.760261718750000000e+03
7.280597656250000000e+03
3.987117187500000000e+03
2.103167968750000000e+03
1.479589843750000000e+03
4.291632812500000000e+03
3.780082031250000000e+03
3.135402343750000000e+03
4.621972656250000000e+03
6.937445312500000000e+03
5.687492187500000000e+03
3.820902343750000000e+03
4.837343750000000000e+03
5.130218750000000000e+03
8.733574218750000000e+03
6.454738281250000000e+03
3.806757812500000000e+03
2.662687500000000000e+03
1.140886718750000000e+03
6.949964843750000000e+03
4.919648437500000000e+03
2.243050781250000000e+03
3.362386718750000000e+03
6.691195312500000000e+03
3.959609375000000000e+03
2.257339843750000000e+03
4.521398437500000000e+03
4.955113281250000000e+03
5.254117187500000000e+03
3.683363281250000000e+03
3.429308593750000000e+03
6.575695312500000000e+03
4.850562500000000000e+03
4.219375000000000000e+03
1.015269531250000000e+03
6.119285156250000000e+03
2.297117187500000000e+03
3.710433593750000000e+03
5.136312500000000000e+03
6.257703125000000000e+03
3.649550781250000000e+03
2.708089843750000000e+03
4.822792968750000000e+03
4.171957031250000000e+03
7.331261718750000000e+03
2.738234375000000000e+03
4.297039062500000000e+03
3.699515625000000000e+03
5.240085937500000000e+03
4.122757812500000000e+03
2.813535156250000000e+03
3.520300781250000000e+03
3.795277343750000000e+03
3.012457031250000000e+03
2.956921875000000000e+03
2.464968750000000000e+03
4.736300781250000000e+03
3.969402343750000000e+03
5.721984375000000000e+03
2.274277343750000000e+03
4.997628906250000000e+03
4.114281250000000000e+03
6.280460937500000000e+03
4.622101562500000000e+03
2.095699218750000000e+03
4.083109375000000000e+03
3.041968750000000000e+03
7.214582031250000000e+03
4.413304687500000000e+03
5.378527343750000000e+03
4.686292968750000000e+03
5.627882812500000000e+03
5.731226562500000000e+03
5.103777343750000000e+03
4.769707031250000000e+03
4.401097656250000000e+03
5.485308593750000000e+03
4.228414062500000000e+03
2.023519531250000000e+03
6.845675781250000000e+03
6.371312500000000000e+03
2.678062500000000000e+03
5.627113281250000000e+03
5.100652343750000000e+03
7.540222656250000000e+03
3.761562500000000000e+03
4.166843750000000000e+03
4.716343750000000000e+03
6.144894531250000000e+03
7.611988281250000000e+03
2.912949218750000000e+03
5.479292968750000000e+03
6.929976562500000000e+03
5.485839843750000000e+03
5.730925781250000000e+03
2.755656250000000000e+03
5.928164062500000000e+03
2.692980468750000000e+03
6.464796875000000000e+03
6.610085937500000000e+03
5.415148437500000000e+03
5.044648437500000000e+03
2.080757812500000000e+03
2.837582031250000000e+03
4.406074218750000000e+03
7.003867187500000000e+03
3.226410156250000000e+03
4.234539062500000000e+03
5.473011718750000000e+03
4.684460937500000000e+03
2.984367187500000000e+03
4.019910156250000000e+03
1.794175781250000000e+03
7.149949218750000000e+03
4.259093750000000000e+03
2.052968750000000000e+02
2.834910156250000000e+03
9.533144531250000000e+03
2.515867187500000000e+03
5.371796875000000000e+03
5.337660156250000000e+03
3.990757812500000000e+03
5.152253906250000000e+03
2.898246093750000000e+03
4.619468750000000000e+03
6.749515625000000000e+03
5.235703125000000000e+02
2.406636718750000000e+03
4.651460937500000000e+03
6.363160156250000000e+03
4.118472656250000000e+03
3.197207031250000000e+03
5.005601562500000000e+03
4.283593750000000000e+02
3.209093750000000000e+03
5.187714843750000000e+03
3.427203125000000000e+03
4.826269531250000000e+03
6.621121093750000000e+03
3.067722656250000000e+03
5.527531250000000000e+03
6.510628906250000000e+03
4.096707031250000000e+03
3.655843750000000000e+03
5.784546875000000000e+03
5.211082031250000000e+03
4.439644531250000000e+03
8.623933593750000000e+03
5.472582031250000000e+03
1.661523437500000000e+03
6.226722656250000000e+03
2.730789062500000000e+03
4.540042968750000000e+03
4.681503906250000000e+03
1.204246093750000000e+03
4.676878906250000000e+03
4.864500000000000000e+03
4.756406250000000000e+03
1.023433593750000000e+03
2.253457031250000000e+03
2.516175781250000000e+03
5.311718750000000000e+03
1.436664062500000000e+03
4.826257812500000000e+03
3.404894531250000000e+03
7.960617187500000000e+03
2.494273437500000000e+03
3.733644531250000000e+03
5.191632812500000000e+03
3.639871093750000000e+03
5.739429687500000000e+03
3.961136718750000000e+03
3.675089843750000000e+03
2.937464843750000000e+03
4.776902343750000000e+03
5.812281250000000000e+03
4.002410156250000000e+03
3.735406250000000000e+03
3.938816406250000000e+03
2.996054687500000000e+03
4.384871093750000000e+03
3.399464843750000000e+03
7.581558593750000000e+03
5.856753906250000000e+03
6.634613281250000000e+03
4.021332031250000000e+03
3.952667968750000000e+03
2.940531250000000000e+03
2.489707031250000000e+03
5.038910156250000000e+03
4.216359375000000000e+03
6.098058593750000000e+03
3.124066406250000000e+03
7.474597656250000000e+03
8.349535156250000000e+03
4.659343750000000000e+03
3.621585937500000000e+03
1.061281250000000000e+03
2.713273437500000000e+03
4.742687500000000000e+03
5.338507812500000000e+03
3.973359375000000000e+03
4.028992187500000000e+03
5.237203125000000000e+03
1.299992187500000000e+03
2.356156250000000000e+03
3.020062500000000000e+03
3.583472656250000000e+03
5.889804687500000000e+03
2.923531250000000000e+03
4.361859375000000000e+03
9.926878906250000000e+03
4.284660156250000000e+03
2.656480468750000000e+03
4.415023437500000000e+03
9.995011718750000000e+03
4.420039062500000000e+03
2.779589843750000000e+03
6.050695312500000000e+03
3.007488281250000000e+03
8.087718750000000000e+03
8.289007812500000000e+03
1.911578125000000000e+03
5.577632812500000000e+03
4.352925781250000000e+03
3.812582031250000000e+03
4.522066406250000000e+03
2.015078125000000000e+03
4.714843750000000000e+03
3.617632812500000000e+03
3.984511718750000000e+03
5.180253906250000000e+03
2.188761718750000000e+03
2.500128906250000000e+03
4.544871093750000000e+03
4.093683593750000000e+03
5.031785156250000000e+03
6.002378906250000000e+03
2.837796875000000000e+03
2.761093750000000000e+03
2.664621093750000000e+03
4.019347656250000000e+03
2.565218750000000000e+03
6.027453125000000000e+03
6.710757812500000000e+03
3.841050781250000000e+03
3.645121093750000000e+03
3.404234375000000000e+03
2.690535156250000000e+03
1.888820312500000000e+03
2.582398437500000000e+03
1.535015625000000000e+03
4.261082031250000000e+03
4.104648437500000000e+03
6.390605468750000000e+03
6.873175781250000000e+03
1.349851562500000000e+03
7.858710937500000000e+03
6.311039062500000000e+03
4.123414062500000000e+03
4.598164062500000000e+03
4.542425781250000000e+03
2.890921875000000000e+03
2.117730468750000000e+03
3.311402343750000000e+03
4.299039062500000000e+03
6.404667968750000000e+03
6.382824218750000000e+03
1.370019531250000000e+03
5.132312500000000000e+03
7.658675781250000000e+03
5.067921875000000000e+03
2.744816406250000000e+03
2.394726562500000000e+03
8.627128906250000000e+03
3.936773437500000000e+03
2.244902343750000000e+03
2.031929687500000000e+03
2.816410156250000000e+03
4.372335937500000000e+03
4.512492187500000000e+03
3.856789062500000000e+03
4.705339843750000000e+03
2.705144531250000000e+03
7.352453125000000000e+03
3.617117187500000000e+03
3.069519531250000000e+03
5.404082031250000000e+03
4.183339843750000000e+03
7.111679687500000000e+03
7.658968750000000000e+03
4.826910156250000000e+03
1.624027343750000000e+03
3.671523437500000000e+03
3.976789062500000000e+03
2.120085937500000000e+03
1.923570312500000000e+03
2.446156250000000000e+03
3.935433593750000000e+03
6.297082031250000000e+03
5.378933593750000000e+03
1.024382812500000000e+03
1.810011718750000000e+03
6.554035156250000000e+03
3.138292968750000000e+03
3.067964843750000000e+03
8.790039062500000000e+02
7.540152343750000000e+03
5.497390625000000000e+03
4.312625000000000000e+03
3.564343750000000000e+03
5.494968750000000000e+03
2.501484375000000000e+03
2.190007812500000000e+03
6.548355468750000000e+03
6.148464843750000000e+03
3.949253906250000000e+03
4.852382812500000000e+03
6.308476562500000000e+03
4.424808593750000000e+03
1.741070312500000000e+03
2.668242187500000000e+03
4.919695312500000000e+03
2.838210937500000000e+03
3.889945312500000000e+03
3.100203125000000000e+03
3.477253906250000000e+03
2.848453125000000000e+03
-3.206210937500000000e+02
4.965039062500000000e+03
2.498851562500000000e+03
6.688632812500000000e+03
1.442425781250000000e+03
3.234812500000000000e+03
2.948621093750000000e+03
4.908226562500000000e+03
2.506109375000000000e+03
3.764539062500000000e+03
2.430468750000000000e+03
4.773382812500000000e+03
2.358800781250000000e+03
4.973375000000000000e+03
3.348171875000000000e+03
5.641820312500000000e+03
2.294601562500000000e+03
2.502039062500000000e+03
3.707636718750000000e+03
3.733894531250000000e+03
7.945886718750000000e+03
3.882210937500000000e+03
4.972789062500000000e+03
4.374742187500000000e+03
9.649488281250000000e+03
3.314164062500000000e+03
1.256558593750000000e+03
9.813750000000000000e+03
5.966875000000000000e+03
2.763058593750000000e+03
3.576417968750000000e+03
3.450933593750000000e+03
5.775085937500000000e+03
3.264839843750000000e+03
2.953664062500000000e+03
3.373589843750000000e+03
2.113257812500000000e+03
2.992269531250000000e+03
1.864089843750000000e+03
2.814785156250000000e+03
1.311511718750000000e+03
6.765875000000000000e+03
8.599101562500000000e+02
3.482636718750000000e+03
3.198234375000000000e+03
6.118515625000000000e+03
4.935785156250000000e+03
2.618253906250000000e+03
1.849605468750000000e+03
4.523531250000000000e+03
3.289425781250000000e+03
3.387886718750000000e+03
4.853449218750000000e+03
4.745738281250000000e+03
3.518003906250000000e+03
3.858542968750000000e+03
2.997070312500000000e+03
2.761941406250000000e+03
1.082042968750000000e+03
3.857984375000000000e+03
3.256507812500000000e+03
6.010773437500000000e+03
2.071488281250000000e+03
4.882617187500000000e+03
3.133660156250000000e+03
6.688781250000000000e+03
5.140902343750000000e+03
8.177578125000000000e+02
9.638007812500000000e+02
2.356164062500000000e+03
3.364378906250000000e+03
4.089355468750000000e+03
3.130964843750000000e+03
3.375179687500000000e+03
3.493503906250000000e+03
1.444917968750000000e+03
3.986492187500000000e+03
5.610308593750000000e+03
3.783515625000000000e+03
1.661949218750000000e+03
1.912656250000000000e+03
1.855187500000000000e+03
1.423523437500000000e+03
1.926214843750000000e+03
6.110824218750000000e+03
3.352347656250000000e+03
3.684558593750000000e+03
4.054667968750000000e+03
6.235578125000000000e+03
-5.365000000000000000e+02
2.970355468750000000e+03
1.946914062500000000e+03
3.526093750000000000e+03
1.941324218750000000e+03
1.312980468750000000e+03
2.697667968750000000e+03
1.354820312500000000e+03
3.995812500000000000e+03
3.234000000000000000e+03
3.904476562500000000e+03
3.557515625000000000e+03
1.125933593750000000e+03
3.379496093750000000e+03
2.946562500000000000e+02
4.999316406250000000e+03
1.626453125000000000e+03
1.613191406250000000e+03
4.901304687500000000e+03
2.357648437500000000e+03
3.364039062500000000e+03
2.862968750000000000e+03
5.714394531250000000e+03
2.053210937500000000e+03
6.955574218750000000e+03
4.238714843750000000e+03
5.666343750000000000e+03
4.376980468750000000e+03
2.268976562500000000e+03
4.151562500000000000e+03
1.570964843750000000e+03
2.815042968750000000e+03
4.607253906250000000e+03
4.292625000000000000e+03
2.483878906250000000e+03
1.854824218750000000e+03
7.178996093750000000e+03
5.532804687500000000e+03
1.690660156250000000e+03
2.430777343750000000e+03
3.606437500000000000e+03
6.906343750000000000e+03
3.466144531250000000e+03
6.918492187500000000e+03
6.060035156250000000e+03
1.890941406250000000e+03
3.180031250000000000e+03
2.889093750000000000e+03
4.145054687500000000e+03
3.720972656250000000e+03
2.865507812500000000e+03
3.063933593750000000e+03
7.046285156250000000e+03
3.467714843750000000e+03
3.750507812500000000e+03
4.757679687500000000e+03
-4.014648437500000000e+02
3.731406250000000000e+03
3.263894531250000000e+03
4.096429687500000000e+03
3.789839843750000000e+03
6.747917968750000000e+03
5.531214843750000000e+03
5.109460937500000000e+03
4.111585937500000000e+03
3.348683593750000000e+03
8.319566406250000000e+03
3.288203125000000000e+03
1.994875000000000000e+03
4.524601562500000000e+03
2.962093750000000000e+03
3.021429687500000000e+03
4.089656250000000000e+03
2.432449218750000000e+03
4.229570312500000000e+03
3.353464843750000000e+03
1.203521484375000000e+04
4.871828125000000000e+03
3.891703125000000000e+03
-6.676445312500000000e+02
3.596042968750000000e+03
4.299835937500000000e+03
1.578132812500000000e+03
4.422968750000000000e+03
4.574316406250000000e+03
4.864339843750000000e+03
9.753437500000000000e+02
5.934687500000000000e+02
3.309371093750000000e+03
3.483261718750000000e+03
5.301757812500000000e+03
4.257476562500000000e+03
1.404636718750000000e+03
1.397285156250000000e+03
3.120757812500000000e+03
5.002785156250000000e+03
1.821886718750000000e+03
5.193550781250000000e+03
5.958296875000000000e+03
-6.114843750000000000e+01
3.203921875000000000e+03
2.056960937500000000e+03
5.940726562500000000e+03
2.782816406250000000e+03
5.185761718750000000e+03
6.551742187500000000e+03
2.906191406250000000e+03
9.463828125000000000e+02
3.659921875000000000e+03
1.197214843750000000e+03
3.087664062500000000e+03
6.363984375000000000e+03
3.575156250000000000e+03
6.180078125000000000e+03
4.252742187500000000e+03
3.164867187500000000e+03
1.684839843750000000e+03
1.121875000000000000e+03
4.623574218750000000e+03
5.510941406250000000e+03
1.255625000000000000e+03
1.767152343750000000e+03
4.669832031250000000e+03
4.256953125000000000e+03
5.466867187500000000e+03
1.763789062500000000e+02
5.078171875000000000e+03
5.379136718750000000e+03
1.723796875000000000e+03
4.772937500000000000e+03
5.316597656250000000e+03
4.021371093750000000e+03
2.142265625000000000e+02
2.324582031250000000e+03
1.171992187500000000e+03
5.224375000000000000e+03
2.849324218750000000e+03
3.549066406250000000e+03
6.395246093750000000e+03
4.384859375000000000e+03
2.369296875000000000e+03
2.281781250000000000e+03
1.908546875000000000e+03
2.882070312500000000e+03
3.700011718750000000e+03
2.211949218750000000e+03
2.390007812500000000e+03
1.140398437500000000e+03
4.306554687500000000e+03
-7.299375000000000000e+02
7.034105468750000000e+03
2.504894531250000000e+03
7.253027343750000000e+03
1.726617187500000000e+03
5.461000000000000000e+03
8.798855468750000000e+03
7.128812500000000000e+03
-2.145078125000000000e+02
1.088046875000000000e+03
1.846558593750000000e+03
1.159999609375000000e+04
2.037945312500000000e+03
1.924171875000000000e+03
1.629636718750000000e+03
1.768710937500000000e+03
1.739917968750000000e+03
8.268242187500000000e+02
4.712417968750000000e+03
6.808203125000000000e+03
3.202699218750000000e+03
7.100375000000000000e+03
9.759960937500000000e+02
2.219992187500000000e+03
3.040117187500000000e+03
2.397660156250000000e+03
4.492343750000000000e+02
3.115531250000000000e+03
7.176187500000000000e+03
2.937382812500000000e+03
2.665636718750000000e+03
3.163652343750000000e+03
1.057031250000000000e+03
3.173527343750000000e+03
1.240585937500000000e+03
3.661914062500000000e+02
-6.448476562500000000e+02
1.206808593750000000e+03
3.505605468750000000e+03
1.746847656250000000e+03
1.181144531250000000e+03
2.918398437500000000e+03
6.319726562500000000e+02
2.242355468750000000e+03
3.132960937500000000e+03
4.341019531250000000e+03
2.635480468750000000e+03
1.398238281250000000e+03
3.249429687500000000e+03
5.128289062500000000e+03
3.745312500000000000e+02
1.986570312500000000e+03
1.109703125000000000e+03
5.892574218750000000e+03
8.689765625000000000e+02
2.115148437500000000e+03
6.060917968750000000e+03
7.138632812500000000e+02
4.511582031250000000e+03
2.996179687500000000e+03
2.905519531250000000e+03
6.028359375000000000e+02
3.895968750000000000e+03
3.419550781250000000e+03
4.997031250000000000e+03
1.241289062500000000e+03
8.983203125000000000e+02
3.991140625000000000e+03
3.969648437500000000e+03
-8.205820312500000000e+02
3.403750000000000000e+03
3.268429687500000000e+03
1.890234375000000000e+02
2.973750000000000000e+03
-2.442812500000000000e+02
3.742941406250000000e+03
5.296398437500000000e+03
4.016511718750000000e+03
3.340234375000000000e+02
3.415601562500000000e+03
6.578761718750000000e+03
6.944257812500000000e+02
3.414808593750000000e+03
3.808718750000000000e+03
2.310472656250000000e+03
2.277074218750000000e+03
2.267558593750000000e+03
1.546402343750000000e+03
3.373570312500000000e+03
2.127105468750000000e+03
7.524433593750000000e+03
1.620492187500000000e+03
1.275320312500000000e+03
1.648636718750000000e+03
-4.194921875000000000e+01
6.644539062500000000e+03
5.951261718750000000e+03
2.841160156250000000e+03
3.816582031250000000e+03
2.078609375000000000e+03
1.799820312500000000e+03
2.043347656250000000e+03
3.285085937500000000e+03
4.846921875000000000e+03
2.876109375000000000e+03
6.994578125000000000e+03
-5.821679687500000000e+02
2.144757812500000000e+03
2.666156250000000000e+03
3.412812500000000000e+03
2.403324218750000000e+03
2.769441406250000000e+03
3.805101562500000000e+03
1.259941406250000000e+03
1.910347656250000000e+03
7.463320312500000000e+02
3.599589843750000000e+03
5.448824218750000000e+03
4.924570312500000000e+03
5.245742187500000000e+03
3.113226562500000000e+03
9.008007812500000000e+02
1.328046875000000000e+03
7.474335937500000000e+02
1.586039062500000000e+03
2.598238281250000000e+03
6.395492187500000000e+03
1.514230468750000000e+03
2.364085937500000000e+03
2.820777343750000000e+03
1.624222656250000000e+03
2.261351562500000000e+03
2.676445312500000000e+03
1.458968750000000000e+03
3.649781250000000000e+03
5.598621093750000000e+03
3.086988281250000000e+03
3.982109375000000000e+02
2.706718750000000000e+03
3.165468750000000000e+03
1.056714062500000000e+04
3.747621093750000000e+03
2.285972656250000000e+03
1.618726562500000000e+03
4.382976562500000000e+03
5.915507812500000000e+03
4.385136718750000000e+03
6.596445312500000000e+03
-1.072304687500000000e+02
4.163785156250000000e+03
-5.055781250000000000e+02
4.417714843750000000e+03
3.794054687500000000e+03
1.910847656250000000e+03
2.306410156250000000e+03
4.360121093750000000e+03
1.164863281250000000e+03
1.303441406250000000e+03
3.438042968750000000e+03
5.208593750000000000e+03
1.138179687500000000e+03
9.589089843750000000e+03
2.051402343750000000e+03
4.564867187500000000e+03
3.986144531250000000e+03
-1.408699218750000000e+03
1.350601562500000000e+03
1.585734375000000000e+03
9.587031250000000000e+02
2.989878906250000000e+03
7.472187500000000000e+02
5.223320312500000000e+02
3.144679687500000000e+03
1.868996093750000000e+03
2.409375000000000000e+02
3.410121093750000000e+03
2.927832031250000000e+03
2.715679687500000000e+03
1.826613281250000000e+03
4.529328125000000000e+03
2.438300781250000000e+03
4.569085937500000000e+03
3.296933593750000000e+03
4.476449218750000000e+03
2.090906250000000000e+03
5.301613281250000000e+03
3.797054687500000000e+03
8.509570312500000000e+02
5.217605468750000000e+03
2.329113281250000000e+03
2.954492187500000000e+03
-5.110117187500000000e+02
3.301097656250000000e+03
2.559757812500000000e+03
1.538511718750000000e+03
5.960570312500000000e+03
1.253789062500000000e+03
6.734218750000000000e+02
2.612468750000000000e+03
3.810984375000000000e+03
2.694871093750000000e+03
6.948945312500000000e+02
5.922878906250000000e+03
2.585902343750000000e+03
3.323015625000000000e+03
3.467816406250000000e+03
8.972187500000000000e+02
3.140292968750000000e+03
2.065820312500000000e+03
5.229242187500000000e+03
2.367886718750000000e+03
2.366054687500000000e+03
2.781894531250000000e+03
2.824082031250000000e+03
-2.600664062500000000e+02
2.663144531250000000e+03
4.416480468750000000e+03
1.236320312500000000e+03
1.199476562500000000e+03
2.159183593750000000e+03
2.855734375000000000e+03
7.248125000000000000e+02
4.725148437500000000e+03
1.682320312500000000e+03
1.832953125000000000e+03
2.447425781250000000e+03
2.622921875000000000e+03
7.301734375000000000e+03
3.335234375000000000e+03
2.411218750000000000e+03
1.648855468750000000e+03
5.501546875000000000e+03
2.285605468750000000e+03
6.478789062500000000e+03
3.803199218750000000e+03
3.159363281250000000e+03
1.322191406250000000e+03
3.672910156250000000e+03
2.868152343750000000e+03
4.439140625000000000e+02
1.839941406250000000e+03
3.100511718750000000e+03
3.532253906250000000e+03
2.988261718750000000e+03
3.030917968750000000e+03
6.158660156250000000e+03
2.831796875000000000e+03
3.518019531250000000e+03
1.950105468750000000e+03
3.464128906250000000e+03
3.746484375000000000e+01
2.792109375000000000e+03
2.141984375000000000e+03
2.802859375000000000e+03
2.090792968750000000e+03
4.404621093750000000e+03
1.108582031250000000e+03
1.734101562500000000e+03
9.883632812500000000e+02
8.254062500000000000e+02
2.995750000000000000e+03
3.488238281250000000e+03
7.903085937500000000e+02
1.218187500000000000e+03
2.219417968750000000e+03
1.489910156250000000e+03
-9.946484375000000000e+01
1.537332031250000000e+03
2.030187500000000000e+03
1.940429687500000000e+03
3.681957031250000000e+03
1.245144531250000000e+03
2.205996093750000000e+03
1.482890625000000000e+03
9.588632812500000000e+02
3.789988281250000000e+03
1.908027343750000000e+03
4.664835937500000000e+03
1.309023437500000000e+02
1.459718750000000000e+03
1.468773437500000000e+03
3.717734375000000000e+03
2.886324218750000000e+03
6.600199218750000000e+03
1.928832031250000000e+03
-1.183906250000000000e+02
2.831234375000000000e+03
2.205441406250000000e+03
1.919871093750000000e+03
1.142343750000000000e+03
3.476156250000000000e+03
4.565812500000000000e+03
9.529960937500000000e+02
5.167683593750000000e+03
3.687578125000000000e+03
6.249167968750000000e+03
3.920917968750000000e+03
2.349796875000000000e+03
1.032476562500000000e+03
1.002148437500000000e+03
2.459777343750000000e+03
4.325730468750000000e+03
2.981093750000000000e+02
2.900312500000000000e+02
4.752765625000000000e+03
3.499242187500000000e+03
1.004238281250000000e+03
3.601859375000000000e+03
5.060011718750000000e+03
2.814820312500000000e+03
4.506250000000000000e+01
3.716800781250000000e+03
4.783238281250000000e+03
1.715972656250000000e+03
2.796437500000000000e+03
2.045691406250000000e+03
5.767851562500000000e+02
2.569757812500000000e+03
2.902914062500000000e+03
6.564414062500000000e+02
2.653312500000000000e+03
2.612339843750000000e+03
1.658824218750000000e+03
3.811507812500000000e+03
3.781601562500000000e+02
2.883097656250000000e+03
1.225585937500000000e+02
1.842648437500000000e+03
4.142835937500000000e+03
8.083164062500000000e+02
5.114257812500000000e+02
1.291367187500000000e+02
3.283492187500000000e+03
5.447585937500000000e+03
3.939367187500000000e+03
5.560296875000000000e+03
2.844007812500000000e+03
1.862488281250000000e+03
5.862105468750000000e+03
5.059515625000000000e+03
7.135644531250000000e+03
1.758484375000000000e+03
4.858402343750000000e+03
4.073046875000000000e+02
-6.004140625000000000e+02
4.423359375000000000e+02
5.562554687500000000e+03
2.827023437500000000e+03
1.241792968750000000e+03
5.241324218750000000e+03
6.583312500000000000e+03
1.075636718750000000e+03
3.423523437500000000e+03
3.641789062500000000e+03
8.491406250000000000e+01
3.537664062500000000e+03
2.941578125000000000e+03
5.619179687500000000e+02
7.137796875000000000e+03
2.169144531250000000e+03
4.470589843750000000e+03
1.878105468750000000e+03
4.999511718750000000e+03
1.495519531250000000e+03
2.627320312500000000e+03
3.734187500000000000e+03
3.333449218750000000e+03
1.870835937500000000e+03
1.520410156250000000e+03
2.030265625000000000e+03
2.773875000000000000e+03
6.450234375000000000e+02
2.089953125000000000e+03
1.136601562500000000e+03
3.872785156250000000e+03
5.633535156250000000e+03
2.595359375000000000e+03
3.699296875000000000e+02
1.591757812500000000e+03
2.741093750000000000e+02
1.644781250000000000e+03
2.163410156250000000e+03
7.867773437500000000e+02
1.546265625000000000e+03
-5.868281250000000000e+02
4.690703125000000000e+03
9.157421875000000000e+01
5.873710937500000000e+02
-6.338281250000000000e+01
9.915234375000000000e+02
1.403660156250000000e+03
2.240613281250000000e+03
1.552914062500000000e+03
2.371367187500000000e+03
-1.308203125000000000e+02
1.890523437500000000e+03
4.933273437500000000e+03
-1.850781250000000000e+02
2.047929687500000000e+03
3.213792968750000000e+03
2.348304687500000000e+03
4.634648437500000000e+02
-7.362773437500000000e+02
4.591523437500000000e+03
1.148214843750000000e+03
4.389613281250000000e+03
-1.519726562500000000e+02
4.325039062500000000e+02
9.537382812500000000e+02
1.840386718750000000e+03
1.958644531250000000e+03
1.881738281250000000e+03
-7.296093750000000000e+01
7.216679687500000000e+02
3.995156250000000000e+02
2.781164062500000000e+03
3.448406250000000000e+03
7.418320312500000000e+02
2.111089843750000000e+03
1.467414062500000000e+03
2.399113281250000000e+03
3.632398437500000000e+03
2.153996093750000000e+03
5.416367187500000000e+03
2.274570312500000000e+02
3.152730468750000000e+03
3.059375000000000000e+03
-9.920703125000000000e+01
2.824074218750000000e+03
7.002167968750000000e+03
4.535742187500000000e+03
3.891710937500000000e+03
-6.937343750000000000e+02
1.949281250000000000e+03
3.751636718750000000e+03
5.446562500000000000e+03
4.506363281250000000e+03
1.157175781250000000e+03
2.618542968750000000e+03
4.567746093750000000e+03
-6.565859375000000000e+02
6.655937500000000000e+02
4.301914062500000000e+03
2.027652343750000000e+03
2.157304687500000000e+03
9.795039062500000000e+02
5.568867187500000000e+02
-1.532343750000000000e+02
3.187406250000000000e+03
2.930976562500000000e+03
1.485898437500000000e+03
1.588945312500000000e+03
-3.020976562500000000e+02
1.314667968750000000e+03
1.928351562500000000e+03
1.984250000000000000e+03
2.762246093750000000e+03
3.413984375000000000e+02
9.326289062500000000e+02
3.123679687500000000e+03
3.779382812500000000e+03
4.002121093750000000e+03
3.673433593750000000e+03
4.004339843750000000e+03
-5.076640625000000000e+02
2.401144531250000000e+03
2.258378906250000000e+03
1.160781250000000000e+03
3.858437500000000000e+02
1.414609375000000000e+02
8.043085937500000000e+02
2.589312500000000000e+03
9.205273437500000000e+02
2.931156250000000000e+03
-3.832656250000000000e+02
6.931226562500000000e+03
2.402089843750000000e+03
-5.679531250000000000e+02
-1.596152343750000000e+03
2.336503906250000000e+03
5.184101562500000000e+02
2.323785156250000000e+03
-6.741289062500000000e+02
3.829980468750000000e+03
9.249882812500000000e+02
1.743761718750000000e+03
9.075820312500000000e+02
2.446640625000000000e+02
7.352343750000000000e+02
5.605476562500000000e+03
3.362812500000000000e+02
3.366757812500000000e+03
2.665976562500000000e+02
-1.764058593750000000e+03
1.597597656250000000e+03
-2.821992187500000000e+02
2.185367187500000000e+03
3.027378906250000000e+03
2.574738281250000000e+03
1.323402343750000000e+03
-8.721093750000000000e+02
5.890347656250000000e+03
-6.589453125000000000e+01
3.238347656250000000e+03
2.793812500000000000e+03
1.212226562500000000e+02
-9.417734375000000000e+02
-1.855585937500000000e+02
4.073917968750000000e+03
3.833195312500000000e+03
-1.221750000000000000e+03
1.077843750000000000e+03
7.816640625000000000e+02
2.961933593750000000e+03
1.703488281250000000e+03
3.522453125000000000e+03
5.540078125000000000e+02
8.531289062500000000e+02
8.354062500000000000e+02
1.057000000000000000e+03
2.035660156250000000e+03
-2.301640625000000000e+02
-7.901054687500000000e+02
-4.341796875000000000e+01
2.154750000000000000e+03
1.432230468750000000e+03
1.125910156250000000e+03
3.568039062500000000e+03
1.253523437500000000e+03
2.057933593750000000e+03
1.311218750000000000e+03
-8.617187500000000000e+00
6.151562500000000000e+02
9.622812500000000000e+02
1.137019531250000000e+03
-4.751367187500000000e+02
2.099683593750000000e+03
3.173750000000000000e+03
-8.462968750000000000e+02
2.583468750000000000e+03
3.588949218750000000e+03
2.125304687500000000e+03
-1.313886718750000000e+03
6.661601562500000000e+02
4.497976562500000000e+03
3.169855468750000000e+03
4.158164062500000000e+02
1.243058593750000000e+03
9.747421875000000000e+02
5.505195312500000000e+03
3.724558593750000000e+03
3.647031250000000000e+03
1.903281250000000000e+03
7.905195312500000000e+02
1.189765625000000000e+03
2.716484375000000000e+02
3.187652343750000000e+03
-8.074218750000000000e+01
2.849789062500000000e+03
-3.300156250000000000e+02
2.307535156250000000e+03
1.746765625000000000e+03
5.386367187500000000e+02
1.821347656250000000e+03
4.291054687500000000e+02
4.444574218750000000e+03
-3.566250000000000000e+02
2.388207031250000000e+03
6.642304687500000000e+02
5.590390625000000000e+02
-8.760507812500000000e+02
1.692503906250000000e+03
1.408421875000000000e+03
3.435351562500000000e+03
3.100468750000000000e+02
1.659355468750000000e+03
9.123828125000000000e+01
2.147863281250000000e+03
2.753304687500000000e+03
1.294539062500000000e+03
8.918789062500000000e+02
1.757308593750000000e+03
1.894570312500000000e+02
3.934375000000000000e+01
8.667109375000000000e+02
2.995820312500000000e+02
3.056652343750000000e+03
4.229402343750000000e+03
1.496300781250000000e+03
4.545054687500000000e+03
4.182109375000000000e+02
2.862585937500000000e+03
-7.010000000000000000e+02
1.142503906250000000e+03
-3.025742187500000000e+02
-1.262929687500000000e+02
2.617757812500000000e+03
-9.471250000000000000e+02
1.153492187500000000e+03
-5.981601562500000000e+02
3.638679687500000000e+03
1.684496093750000000e+03
8.756601562500000000e+02
3.133105468750000000e+03
1.712726562500000000e+03
3.220898437500000000e+03
1.464582031250000000e+03
2.699753906250000000e+03
1.805574218750000000e+03
6.146117187500000000e+03
1.388222656250000000e+03
3.474648437500000000e+02
2.191941406250000000e+03
7.085117187500000000e+02
-1.480941406250000000e+03
-8.887656250000000000e+02
-2.281523437500000000e+02
5.170738281250000000e+03
3.168753906250000000e+03
1.729812500000000000e+03
1.375062500000000000e+03
2.333332031250000000e+03
3.001601562500000000e+02
2.909765625000000000e+01
3.236085937500000000e+03
2.544648437500000000e+03
4.856562500000000000e+02
4.251230468750000000e+03
-1.407773437500000000e+02
-9.457304687500000000e+02
6.263320312500000000e+02
-3.157812500000000000e+01
-9.703125000000000000e+01
6.715625000000000000e+02
-2.553906250000000000e+02
1.458234375000000000e+03
3.506785156250000000e+03
3.073125000000000000e+02
2.242898437500000000e+03
-1.869949218750000000e+03
4.213679687500000000e+03
2.123609375000000000e+03
9.806640625000000000e+01
-8.512343750000000000e+02
8.291914062500000000e+02
7.814921875000000000e+02
1.255835937500000000e+03
-1.838906250000000000e+02
1.575050781250000000e+03
1.992042968750000000e+03
6.461718750000000000e+02
3.288179687500000000e+03
3.928261718750000000e+03
1.009761718750000000e+03
1.934406250000000000e+03
4.231093750000000000e+02
2.008281250000000000e+03
2.923234375000000000e+03
1.626359375000000000e+03
4.017281250000000000e+03
7.437031250000000000e+02
3.703125000000000000e+02
1.972433593750000000e+03
8.515000000000000000e+02
1.941792968750000000e+03
2.296187500000000000e+03
1.524726562500000000e+02
-1.174968750000000000e+03
1.479910156250000000e+03
-1.763046875000000000e+02
4.783011718750000000e+03
5.090792968750000000e+03
1.362937500000000000e+03
4.367929687500000000e+02
9.383632812500000000e+02
3.621164062500000000e+03
3.603554687500000000e+03
-9.721835937500000000e+02
1.139843750000000000e+01
2.506128906250000000e+03
2.885890625000000000e+03
6.236171875000000000e+02
1.418644531250000000e+03
1.379296875000000000e+03
2.584832031250000000e+03
2.263105468750000000e+03
4.647457031250000000e+03
5.643644531250000000e+03
3.728476562500000000e+02
1.105386718750000000e+03
2.967304687500000000e+02
1.383578125000000000e+03
-3.340273437500000000e+02
4.248402343750000000e+03
1.460335937500000000e+03
-4.820625000000000000e+02
-3.288515625000000000e+02
1.898765625000000000e+03
1.998281250000000000e+02
2.727136718750000000e+03
7.287500000000000000e+01
-9.194531250000000000e+01
1.853105468750000000e+03
-3.898242187500000000e+02
-1.039875000000000000e+03
5.629125000000000000e+03
4.058937500000000000e+03
1.133839843750000000e+03
1.771054687500000000e+03
2.391738281250000000e+03
6.587773437500000000e+02
-6.566914062500000000e+02
1.362859375000000000e+03
2.519871093750000000e+03
5.007500000000000000e+03
-1.313070312500000000e+03
1.058207031250000000e+03
1.716378906250000000e+03
-7.311679687500000000e+02
1.850039062500000000e+02
3.582777343750000000e+03
-4.902421875000000000e+02
-1.357625000000000000e+03
7.480078125000000000e+01
8.340625000000000000e+01
2.542148437500000000e+03
1.279101562500000000e+03
-2.241992187500000000e+02
1.572414062500000000e+03
2.423261718750000000e+03
7.983398437500000000e+02
3.975484375000000000e+03
1.912585937500000000e+03
-8.833085937500000000e+02
-1.993750000000000000e+02
-1.678167968750000000e+03
1.322273437500000000e+03
4.726234375000000000e+03
-5.283789062500000000e+02
-1.087500000000000000e+03
1.364175781250000000e+03
9.179296875000000000e+01
1.905226562500000000e+03
5.561324218750000000e+03
4.964531250000000000e+02
-1.387890625000000000e+02
2.394992187500000000e+03
3.833242187500000000e+02
2.762585937500000000e+03
-7.458828125000000000e+02
2.995894531250000000e+03
2.825929687500000000e+03
-4.234921875000000000e+02
3.640589843750000000e+03
-4.634648437500000000e+02
4.778921875000000000e+03
5.769414062500000000e+02
-9.056835937500000000e+02
-2.397773437500000000e+02
4.510906250000000000e+03
3.991664062500000000e+03
1.906289062500000000e+03
1.362097656250000000e+03
6.214726562500000000e+02
-1.087851562500000000e+02
2.561921875000000000e+03
3.661328125000000000e+01
6.678984375000000000e+02
-1.416046875000000000e+03
1.684964843750000000e+03
4.423046875000000000e+02
6.268164062500000000e+02
2.898085937500000000e+02
-6.312617187500000000e+02
8.950351562500000000e+02
-2.227062500000000000e+03
-1.794289062500000000e+03
4.195285156250000000e+03
2.716367187500000000e+03
-6.855898437500000000e+02
1.358429687500000000e+03
-2.622304687500000000e+02
1.372933593750000000e+03
2.258906250000000000e+02
-1.749687500000000000e+03
-3.567031250000000000e+02
-1.414085937500000000e+03
3.315480468750000000e+03
1.131730468750000000e+03
2.354312500000000000e+03
2.443011718750000000e+03
3.840234375000000000e+01
-4.033320312500000000e+02
1.813054687500000000e+03
1.696070312500000000e+03
-4.526328125000000000e+02
-6.795820312500000000e+02
-1.007722656250000000e+03
-9.970078125000000000e+02
3.081500000000000000e+03
3.032054687500000000e+03
-3.677265625000000000e+02
-5.041054687500000000e+02
3.563398437500000000e+02
2.461480468750000000e+03
3.081203125000000000e+03
1.671179687500000000e+03
1.627503906250000000e+03
-1.583765625000000000e+03
5.844597656250000000e+03
6.191015625000000000e+01
1.886500000000000000e+03
1.597750000000000000e+03
3.369609375000000000e+02
-3.812031250000000000e+02
4.595531250000000000e+03
3.003468750000000000e+03
-1.793343750000000000e+03
-6.115546875000000000e+02
1.031718750000000000e+03
-1.545664062500000000e+03
-1.552656250000000000e+02
1.041363281250000000e+03
2.995054687500000000e+03
2.229875000000000000e+03
-4.155507812500000000e+02
4.930664062500000000e+02
1.484140625000000000e+03
-7.529257812500000000e+02
1.590921875000000000e+03
7.290546875000000000e+02
1.118898437500000000e+03
-1.733648437500000000e+03
8.864375000000000000e+02
3.069886718750000000e+03
-2.025707031250000000e+03
-5.465234375000000000e+02
-7.851328125000000000e+02
2.581523437500000000e+02
1.033734375000000000e+03
5.618945312500000000e+02
1.343445312500000000e+03
8.275000000000000000e+02
3.352703125000000000e+03
-1.811109375000000000e+03
4.156285156250000000e+03
2.308875000000000000e+03
3.271421875000000000e+03
3.131093750000000000e+02
-4.648437500000000000e-01
-3.994804687500000000e+02
6.520273437500000000e+03
3.481980468750000000e+03
3.231835937500000000e+02
-2.434800781250000000e+03
3.286488281250000000e+03
1.484980468750000000e+03
1.208160156250000000e+03
-2.062859375000000000e+03
2.516871093750000000e+03
-1.228066406250000000e+03
9.234531250000000000e+02
1.524230468750000000e+03
8.359375000000000000e-01
-2.431757812500000000e+02
5.358789062500000000e+02
2.759921875000000000e+03
4.085695312500000000e+03
5.727667968750000000e+03
2.969976562500000000e+03
-7.092617187500000000e+02
1.342031250000000000e+02
6.400355468750000000e+03
4.750351562500000000e+02
3.013425781250000000e+03
9.607890625000000000e+02
-4.512421875000000000e+02
4.450898437500000000e+02
3.263476562500000000e+02
-7.388203125000000000e+02
6.060175781250000000e+03
-3.016875000000000000e+02
1.486839843750000000e+03
3.358468750000000000e+03
2.216398437500000000e+03
2.131632812500000000e+03
1.577468750000000000e+03
-8.363632812500000000e+02
9.701015625000000000e+02
1.534933593750000000e+03
3.267148437500000000e+02
-8.446796875000000000e+02
3.883367187500000000e+03
3.167535156250000000e+03
-1.068007812500000000e+02
1.236265625000000000e+03
4.027617187500000000e+02
3.352539062500000000e+02
1.786589843750000000e+03
2.878085937500000000e+02
5.067109375000000000e+02
5.996484375000000000e+01
6.639125000000000000e+03
6.700117187500000000e+02
2.173613281250000000e+03
1.509898437500000000e+03
-1.072496093750000000e+03
3.505468750000000000e+02
-1.886765625000000000e+03
-2.910761718750000000e+03
7.151250000000000000e+02
1.067882812500000000e+03
2.840234375000000000e+01
-9.450507812500000000e+02
1.293660156250000000e+03
2.268074218750000000e+03
1.106312500000000000e+03
7.102734375000000000e+01
3.634027343750000000e+03
-5.746835937500000000e+02
1.611558593750000000e+03
5.727734375000000000e+02
5.396023437500000000e+03
1.926867187500000000e+03
8.282421875000000000e+02
3.610531250000000000e+03
-9.245507812500000000e+02
2.152773437500000000e+03
1.176503906250000000e+03
2.749714843750000000e+03
3.446007812500000000e+03
2.313019531250000000e+03
3.338398437500000000e+02
2.324679687500000000e+03
2.202605468750000000e+03
-6.276953125000000000e+01
2.081617187500000000e+03
8.088085937500000000e+02
-9.355156250000000000e+02
-4.189726562500000000e+02
1.555527343750000000e+03
7.174921875000000000e+02
6.660195312500000000e+02
1.838589843750000000e+03
-6.298085937500000000e+02
2.038507812500000000e+03
-7.992187500000000000e+01
6.798671875000000000e+02
2.505906250000000000e+03
1.685304687500000000e+03
2.843117187500000000e+03
6.884960937500000000e+02
8.388984375000000000e+02
4.415582031250000000e+03
-1.692265625000000000e+03
1.673570312500000000e+03
1.542097656250000000e+03
2.737097656250000000e+03
2.697281250000000000e+03
1.595039062500000000e+02
3.199140625000000000e+03
-1.128097656250000000e+03
-8.004687500000000000e+01
1.545292968750000000e+03
-2.327914062500000000e+03
2.314105468750000000e+03
1.290382812500000000e+03
2.768218750000000000e+03
1.862300781250000000e+03
1.875105468750000000e+03
9.676484375000000000e+02
1.650390625000000000e+02
-6.735546875000000000e+01
2.608984375000000000e+01
2.231398437500000000e+03
1.521613281250000000e+03
-1.360421875000000000e+03
2.654894531250000000e+03
2.123121093750000000e+03
2.493023437500000000e+03
6.266562500000000000e+02
1.258621093750000000e+03
4.254410156250000000e+03
3.052351562500000000e+03
1.331757812500000000e+03
-5.255781250000000000e+02
1.316406250000000000e+02
-1.033640625000000000e+03
-1.709902343750000000e+03
3.117464843750000000e+03
4.049890625000000000e+03
2.345765625000000000e+03
-2.881835937500000000e+02
3.022964843750000000e+03
7.429179687500000000e+02
9.634296875000000000e+02
4.582460937500000000e+02
-1.802148437500000000e+02
2.175398437500000000e+03
-8.123789062500000000e+02
2.001406250000000000e+02
5.458359375000000000e+02
4.905257812500000000e+03
1.193406250000000000e+03
4.314648437500000000e+02
-4.726562500000000000e+00
-1.287421875000000000e+02
1.027277343750000000e+03
2.093757812500000000e+03
4.192640625000000000e+03
1.618445312500000000e+03
1.311519531250000000e+03
2.265292968750000000e+03
3.256554687500000000e+03
2.326734375000000000e+03
1.114734375000000000e+03
3.140351562500000000e+02
2.068394531250000000e+03
1.602160156250000000e+03
-8.100117187500000000e+02
4.963164062500000000e+02
1.878734375000000000e+03
-4.982031250000000000e+01
1.297996093750000000e+03
3.766015625000000000e+01
-1.888046875000000000e+02
-1.803257812500000000e+03
2.407164062500000000e+03
2.690121093750000000e+03
1.608218750000000000e+03
3.176085937500000000e+03
-1.806164062500000000e+03
-1.214855468750000000e+03
1.912734375000000000e+02
2.448898437500000000e+03
1.412187500000000000e+02
1.197593750000000000e+03
5.594347656250000000e+03
1.028617187500000000e+03
3.711761718750000000e+03
4.144687500000000000e+02
5.973085937500000000e+02
-1.267394531250000000e+03
1.338882812500000000e+03
1.485488281250000000e+03
1.196273437500000000e+03
1.094898437500000000e+03
4.520585937500000000e+02
-1.083285156250000000e+03
1.222656250000000000e+02
2.412183593750000000e+03
2.167761718750000000e+03
-9.300312500000000000e+02
-1.678945312500000000e+02
1.893683593750000000e+03
3.388671875000000000e+01
-1.122078125000000000e+03
1.705730468750000000e+03
5.752222656250000000e+03
1.073281250000000000e+03
2.740234375000000000e+01
2.721015625000000000e+02
-4.847304687500000000e+02
1.433906250000000000e+03
2.408566406250000000e+03
1.240503906250000000e+03
9.976132812500000000e+02
8.769492187500000000e+02
6.827226562500000000e+02
4.750691406250000000e+03
1.644281250000000000e+03
8.289531250000000000e+02
-8.828085937500000000e+02
-6.572851562500000000e+02
-1.238804687500000000e+03
-8.340468750000000000e+02
-8.044257812500000000e+02
-8.641406250000000000e+02
-1.191410156250000000e+03
-7.721171875000000000e+02
3.726281250000000000e+03
4.652656250000000000e+02
1.566316406250000000e+03
2.008636718750000000e+03
-2.063871093750000000e+03
-1.193359375000000000e+02
8.810312500000000000e+02
-4.113046875000000000e+02
4.744101562500000000e+02
6.170253906250000000e+03
1.611484375000000000e+03
-1.228523437500000000e+03
2.291265625000000000e+03
1.228570312500000000e+03
1.957085937500000000e+03
2.180597656250000000e+03
4.002984375000000000e+03
-3.756078125000000000e+03
9.598359375000000000e+02
1.198832031250000000e+03
3.001886718750000000e+03
9.608007812500000000e+02
3.626164062500000000e+03
2.516015625000000000e+03
-3.573632812500000000e+02
1.230660156250000000e+03
1.783804687500000000e+03
1.921101562500000000e+03
4.059511718750000000e+03
-1.150585937500000000e+02
1.761683593750000000e+03
3.464492187500000000e+02
6.788554687500000000e+02
-1.043957031250000000e+03
1.312007812500000000e+03
-2.968632812500000000e+02
-6.677109375000000000e+02
1.738753906250000000e+03
7.594023437500000000e+02
-1.284250000000000000e+03
2.257972656250000000e+03
5.290390625000000000e+02
5.299453125000000000e+02
1.825468750000000000e+02
1.878285156250000000e+03
-1.287562500000000000e+03
9.576523437500000000e+02
3.101953125000000000e+01
1.328679687500000000e+03
1.747074218750000000e+03
3.455066406250000000e+03
-2.963710937500000000e+02
2.615042968750000000e+03
2.787132812500000000e+03
-6.431875000000000000e+02
7.840078125000000000e+02
2.335000000000000000e+02
1.071460937500000000e+03
-1.397539062500000000e+03
1.994031250000000000e+03
1.754882812500000000e+02
1.504132812500000000e+03
-1.438890625000000000e+03
9.125781250000000000e+02
1.557429687500000000e+03
-6.923906250000000000e+02
1.107199218750000000e+03
-5.594140625000000000e+01
4.173449218750000000e+03
-4.919218750000000000e+02
-2.416718750000000000e+02
4.478683593750000000e+03
3.529777343750000000e+03
-1.029917968750000000e+03
-1.884867187500000000e+03
1.905203125000000000e+03
-1.549238281250000000e+03
5.260375000000000000e+03
-1.075468750000000000e+02
4.326535156250000000e+03
-1.798585937500000000e+03
1.096472656250000000e+03
1.310734375000000000e+03
-7.466367187500000000e+02
1.969230468750000000e+03
1.801906250000000000e+03
4.402265625000000000e+02
8.351093750000000000e+02
-2.025492187500000000e+03
2.169742187500000000e+03
5.745898437500000000e+02
4.727625000000000000e+03
1.432062500000000000e+03
4.955976562500000000e+02
1.176281250000000000e+03
-1.181601562500000000e+02
8.340742187500000000e+02
1.120859375000000000e+02
-5.186210937500000000e+02
6.925390625000000000e+01
2.685164062500000000e+03
-2.137234375000000000e+03
-1.417851562500000000e+02
1.209011718750000000e+03
-5.752578125000000000e+02
2.144394531250000000e+03
2.057031250000000000e+03
1.318007812500000000e+03
-1.123515625000000000e+02
8.054140625000000000e+02
-3.493558593750000000e+03
1.484882812500000000e+03
1.141191406250000000e+03
-2.859468750000000000e+03
-1.424898437500000000e+03
-7.209179687500000000e+02
-6.864843750000000000e+01
1.110582031250000000e+03
7.137773437500000000e+02
5.064375000000000000e+02
2.858828125000000000e+02
-4.991757812500000000e+02
-2.441640625000000000e+02
-1.214832031250000000e+03
-1.729726562500000000e+03
-1.614804687500000000e+02
-1.985253906250000000e+03
-2.593769531250000000e+03
2.840460937500000000e+03
-1.393246093750000000e+03
1.700796875000000000e+03
2.299843750000000000e+03
-8.137500000000000000e+01
2.263671875000000000e+02
3.086226562500000000e+03
1.351222656250000000e+03
2.057355468750000000e+03
1.608292968750000000e+03
1.141339843750000000e+03
-2.820859375000000000e+02
-9.879101562500000000e+02
-1.158207031250000000e+03
-2.890761718750000000e+03
-3.042738281250000000e+03
8.022265625000000000e+01
1.775761718750000000e+03
7.574453125000000000e+02
-1.286644531250000000e+03
4.326363281250000000e+03
2.041429687500000000e+03
3.316855468750000000e+03
2.420832031250000000e+03
6.299453125000000000e+02
-2.663640625000000000e+03
8.035898437500000000e+02
1.511671875000000000e+03
