9.999999403953552246e-02
8.389612436294555664e-01
1.242056846618652344e+00
1.625028371810913086e+00
2.003686904907226562e+00
2.359368085861206055e+00
2.696317672729492188e+00
3.021117687225341797e+00
3.353248357772827148e+00
3.652315139770507812e+00
3.934217214584350586e+00
4.200549602508544922e+00
4.450014591217041016e+00
4.685158252716064453e+00
4.905555725097656250e+00
5.114261150360107422e+00
5.310669422149658203e+00
5.495236396789550781e+00
5.669064044952392578e+00
5.833685874938964844e+00
5.989083766937255859e+00
6.136132717132568359e+00
6.275204181671142578e+00
6.407279491424560547e+00
6.532785415649414062e+00
6.652298450469970703e+00
6.766304016113281250e+00
6.875119209289550781e+00
6.979156494140625000e+00
7.078888416290283203e+00
7.174451828002929688e+00
7.266497135162353516e+00
7.354998588562011719e+00
7.440308570861816406e+00
7.525030612945556641e+00
7.605625152587890625e+00
7.683610916137695312e+00
7.759140491485595703e+00
7.832475662231445312e+00
7.903717041015625000e+00
7.973115444183349609e+00
8.040873527526855469e+00
8.106815338134765625e+00
8.171315193176269531e+00
8.234370231628417969e+00
8.296100616455078125e+00
8.356537818908691406e+00
8.415761947631835938e+00
8.473902702331542969e+00
8.531085968017578125e+00
8.587341308593750000e+00
8.642808914184570312e+00
8.697494506835937500e+00
8.751304626464843750e+00
8.804344177246093750e+00
8.856676101684570312e+00
8.908413887023925781e+00
8.959492683410644531e+00
9.009943008422851562e+00
9.059792518615722656e+00
9.109086990356445312e+00
9.157816886901855469e+00
9.206115722656250000e+00
9.253796577453613281e+00
9.301125526428222656e+00
9.347976684570312500e+00
9.394429206848144531e+00
9.440497398376464844e+00
9.486245155334472656e+00
9.531599998474121094e+00
9.576651573181152344e+00
9.621373176574707031e+00
9.665789604187011719e+00
9.709923744201660156e+00
9.753748893737792969e+00
9.797285079956054688e+00
9.840514183044433594e+00
9.883522033691406250e+00
9.926209449768066406e+00
9.968618392944335938e+00
1.001077270507812500e+01
1.005265522003173828e+01
1.009429550170898438e+01
1.013574981689453125e+01
1.017697143554687500e+01
1.021794128417968750e+01
1.025871562957763672e+01
1.029928493499755859e+01
1.033981895446777344e+01
1.038005065917968750e+01
1.042004776000976562e+01
1.045984840393066406e+01
1.049942874908447266e+01
1.053885459899902344e+01
1.057805347442626953e+01
1.061707687377929688e+01
1.065589618682861328e+01
1.069453620910644531e+01
1.073300838470458984e+01
1.077153396606445312e+01
1.080978584289550781e+01
1.084782981872558594e+01
1.088568878173828125e+01
1.092327785491943359e+01
1.096073532104492188e+01
1.099805736541748047e+01
1.103521156311035156e+01
1.107216453552246094e+01
1.110897731781005859e+01
1.114566516876220703e+01
1.118211174011230469e+01
1.121844100952148438e+01
1.125466823577880859e+01
1.129074096679687500e+01
1.132665729522705078e+01
1.136244583129882812e+01
1.139808273315429688e+01
1.143354606628417969e+01
1.146889591217041016e+01
1.150412654876708984e+01
1.153920173645019531e+01
1.157415962219238281e+01
1.160899543762207031e+01
1.164369487762451172e+01
1.167829513549804688e+01
1.171279811859130859e+01
1.174709415435791016e+01
1.178128433227539062e+01
1.181539249420166016e+01
1.184937095642089844e+01
1.188325500488281250e+01
1.191698932647705078e+01
1.195057010650634766e+01
1.198407936096191406e+01
1.201745128631591797e+01
1.205073547363281250e+01
1.208390426635742188e+01
1.211694049835205078e+01
1.214989471435546875e+01
1.218269348144531250e+01
1.221542930603027344e+01
1.224804019927978516e+01
1.228056621551513672e+01
1.231299591064453125e+01
1.234533882141113281e+01
1.237755012512207031e+01
1.240971755981445312e+01
1.244174575805664062e+01
1.247368812561035156e+01
1.250554656982421875e+01
1.253732013702392578e+01
1.256903839111328125e+01
1.260063743591308594e+01
1.263213348388671875e+01
1.266354846954345703e+01
1.269484138488769531e+01
1.272606182098388672e+01
1.275719642639160156e+01
1.278821086883544922e+01
1.281918048858642578e+01
1.285006713867187500e+01
1.288087081909179688e+01
1.291156959533691406e+01
1.294217109680175781e+01
1.297267913818359375e+01
1.300308609008789062e+01
1.303341579437255859e+01
1.306364631652832031e+01
1.309378623962402344e+01
1.312382221221923828e+01
1.315377807617187500e+01
1.318367195129394531e+01
1.321345806121826172e+01
1.324316692352294922e+01
1.327278995513916016e+01
1.330235385894775391e+01
1.333183670043945312e+01
1.336121273040771484e+01
1.339050483703613281e+01
1.341970920562744141e+01
1.344884777069091797e+01
1.347792339324951172e+01
1.350694084167480469e+01
1.353588008880615234e+01
1.356473350524902344e+01
1.359354591369628906e+01
1.362225818634033203e+01
1.365089607238769531e+01
1.367946910858154297e+01
1.370796298980712891e+01
1.373639678955078125e+01
1.376475906372070312e+01
1.379304122924804688e+01
1.382126522064208984e+01
1.384940719604492188e+01
1.387750339508056641e+01
1.390551662445068359e+01
1.393347167968750000e+01
1.396143436431884766e+01
1.398927116394042969e+01
1.401704216003417969e+01
1.404475212097167969e+01
1.407240200042724609e+01
1.409997844696044922e+01
1.412746810913085938e+01
1.415491771697998047e+01
1.418229198455810547e+01
1.420959186553955078e+01
1.423685073852539062e+01
1.426404285430908203e+01
1.429115867614746094e+01
1.431820964813232422e+01
1.434521198272705078e+01
1.437216472625732422e+01
1.439903926849365234e+01
1.442585086822509766e+01
1.445260143280029297e+01
1.447930812835693359e+01
1.450594806671142578e+01
1.453252601623535156e+01
1.455902194976806641e+01
1.458548069000244141e+01
1.461186885833740234e+01
1.463821315765380859e+01
1.466448688507080078e+01
1.469071865081787109e+01
1.471686840057373047e+01
1.474296665191650391e+01
1.476899433135986328e+01
1.479499816894531250e+01
1.482091236114501953e+01
1.484676647186279297e+01
1.487257099151611328e+01
1.489831924438476562e+01
1.492404365539550781e+01
1.494973659515380859e+01
1.497536468505859375e+01
1.500093650817871094e+01
1.502645778656005859e+01
1.505192756652832031e+01
1.507737827301025391e+01
1.510275459289550781e+01
1.512807750701904297e+01
1.515334224700927734e+01
1.517857933044433594e+01
1.520374965667724609e+01
1.522887611389160156e+01
1.525395774841308594e+01
1.527898406982421875e+01
1.530397319793701172e+01
1.532888317108154297e+01
1.535377120971679688e+01
1.537861919403076172e+01
1.540338993072509766e+01
1.542811489105224609e+01
1.545278930664062500e+01
1.547739028930664062e+01
1.550198554992675781e+01
1.552652454376220703e+01
1.555100154876708984e+01
1.557545280456542969e+01
1.559984779357910156e+01
1.562420368194580078e+01
1.564849472045898438e+01
1.567275238037109375e+01
1.569694137573242188e+01
1.572108554840087891e+01
1.574519348144531250e+01
1.576925468444824219e+01
1.579331207275390625e+01
1.581730842590332031e+01
1.584125328063964844e+01
1.586516189575195312e+01
1.588902759552001953e+01
1.591284847259521484e+01
1.593663787841796875e+01
1.596040725708007812e+01
1.598412799835205078e+01
1.600776672363281250e+01
1.603138160705566406e+01
1.605493545532226562e+01
1.607844543457031250e+01
1.610192489624023438e+01
1.612537193298339844e+01
1.614878273010253906e+01
1.617215347290039062e+01
1.619554710388183594e+01
1.621887397766113281e+01
1.624215698242187500e+01
1.626541900634765625e+01
1.628862380981445312e+01
1.631181526184082031e+01
1.633493041992187500e+01
1.635804176330566406e+01
1.638108634948730469e+01
1.640411567687988281e+01
1.642708206176757812e+01
1.645002365112304688e+01
1.647291946411132812e+01
1.649579048156738281e+01
1.651861000061035156e+01
1.654136466979980469e+01
1.656409645080566406e+01
1.658676910400390625e+01
1.660940361022949219e+01
1.663199996948242188e+01
1.665454673767089844e+01
1.667704582214355469e+01
1.669952201843261719e+01
1.672195053100585938e+01
1.674433708190917969e+01
1.676668167114257812e+01
1.678900337219238281e+01
1.681128311157226562e+01
1.683351707458496094e+01
1.685573005676269531e+01
1.687791061401367188e+01
1.690006637573242188e+01
1.692219161987304688e+01
1.694426155090332031e+01
1.696631050109863281e+01
1.698829078674316406e+01
1.701026725769042969e+01
1.703221893310546875e+01
1.705410194396972656e+01
1.707592391967773438e+01
1.709774208068847656e+01
1.711952209472656250e+01
1.714128112792968750e+01
1.716304016113281250e+01
1.718475151062011719e+01
1.720647621154785156e+01
1.722811889648437500e+01
1.724973297119140625e+01
1.727130126953125000e+01
1.729287719726562500e+01
1.731438636779785156e+01
1.733585548400878906e+01
1.735729598999023438e+01
1.737870216369628906e+01
1.740008926391601562e+01
1.742142295837402344e+01
1.744272422790527344e+01
1.746398735046386719e+01
1.748521423339843750e+01
1.750638008117675781e+01
1.752751541137695312e+01
1.754862976074218750e+01
1.756973457336425781e+01
1.759083175659179688e+01
1.761188125610351562e+01
1.763290214538574219e+01
1.765397071838378906e+01
1.767498779296875000e+01
1.769596672058105469e+01
1.771689605712890625e+01
1.773779869079589844e+01
1.775866127014160156e+01
1.777950477600097656e+01
1.780027770996093750e+01
1.782102203369140625e+01
1.784173011779785156e+01
1.786238098144531250e+01
1.788301658630371094e+01
1.790358161926269531e+01
1.792412185668945312e+01
1.794463157653808594e+01
1.796512794494628906e+01
1.798560523986816406e+01
1.800601768493652344e+01
1.802646064758300781e+01
1.804685020446777344e+01
1.806721496582031250e+01
1.808755493164062500e+01
1.810807800292968750e+01
1.812846565246582031e+01
1.814880752563476562e+01
1.816912078857421875e+01
1.818939781188964844e+01
1.820962142944335938e+01
1.822981452941894531e+01
1.824999809265136719e+01
1.827011489868164062e+01
1.829021072387695312e+01
1.831026077270507812e+01
1.833030128479003906e+01
1.835030174255371094e+01
1.837024879455566406e+01
1.839017868041992188e+01
1.841009712219238281e+01
1.842996978759765625e+01
1.844982528686523438e+01
1.846964263916015625e+01
1.848944282531738281e+01
1.850918769836425781e+01
1.852891540527343750e+01
1.854858970642089844e+01
1.856828880310058594e+01
1.858795738220214844e+01
1.860760116577148438e+01
1.862719345092773438e+01
1.864678382873535156e+01
1.866632652282714844e+01
1.868592071533203125e+01
1.870544052124023438e+01
1.872493743896484375e+01
1.874440765380859375e+01
1.876385498046875000e+01
1.878327941894531250e+01
1.880272674560546875e+01
1.882209396362304688e+01
1.884145736694335938e+01
1.886079025268554688e+01
1.888010025024414062e+01
1.889939117431640625e+01
1.891861915588378906e+01
1.893782234191894531e+01
1.895699691772460938e+01
1.897616958618164062e+01
1.899529838562011719e+01
1.901442718505859375e+01
1.903351974487304688e+01
1.905258750915527344e+01
1.907162475585937500e+01
1.909063529968261719e+01
1.910963821411132812e+01
1.912864494323730469e+01
1.914759445190429688e+01
1.916654968261718750e+01
1.918542480468750000e+01
1.920432281494140625e+01
1.922319412231445312e+01
1.924204444885253906e+01
1.926088142395019531e+01
1.927968215942382812e+01
1.929845619201660156e+01
1.931721687316894531e+01
1.933593559265136719e+01
1.935467529296875000e+01
1.937337684631347656e+01
1.939204216003417969e+01
1.941065406799316406e+01
1.942923736572265625e+01
1.944781875610351562e+01
1.946636772155761719e+01
1.948491859436035156e+01
1.950343513488769531e+01
1.952189064025878906e+01
1.954034042358398438e+01
1.955876350402832031e+01
1.957715797424316406e+01
1.959557342529296875e+01
1.961396217346191406e+01
1.963231849670410156e+01
1.965065765380859375e+01
1.966899299621582031e+01
1.968730545043945312e+01
1.970562171936035156e+01
1.972394561767578125e+01
1.974224662780761719e+01
1.976054000854492188e+01
1.977876472473144531e+01
1.979697227478027344e+01
1.981513786315917969e+01
1.983329010009765625e+01
1.985140609741210938e+01
1.986950492858886719e+01
1.988756370544433594e+01
1.990561485290527344e+01
1.992365646362304688e+01
1.994168090820312500e+01
1.995968055725097656e+01
1.997766685485839844e+01
1.999565887451171875e+01
2.001362800598144531e+01
2.003153991699218750e+01
2.004944038391113281e+01
2.006731986999511719e+01
2.008518981933593750e+01
2.010304450988769531e+01
2.012086105346679688e+01
2.013865661621093750e+01
2.015643692016601562e+01
2.017421340942382812e+01
2.019196891784667969e+01
2.020969009399414062e+01
2.022737503051757812e+01
2.024505805969238281e+01
2.026272964477539062e+01
2.028037261962890625e+01
2.029797935485839844e+01
2.031555938720703125e+01
2.033312034606933594e+01
2.035066413879394531e+01
2.036819839477539062e+01
2.038570594787597656e+01
2.040324783325195312e+01
2.042076873779296875e+01
2.043824768066406250e+01
2.045571517944335938e+01
2.047318458557128906e+01
2.049060440063476562e+01
2.050797271728515625e+01
2.052533721923828125e+01
2.054271316528320312e+01
2.056006050109863281e+01
2.057740211486816406e+01
2.059470558166503906e+01
2.061199378967285156e+01
2.062925910949707031e+01
2.064649963378906250e+01
2.066370201110839844e+01
2.068090248107910156e+01
2.069806289672851562e+01
2.071521949768066406e+01
2.073238182067871094e+01
2.074949836730957031e+01
2.076659202575683594e+01
2.078371620178222656e+01
2.080081367492675781e+01
2.081790351867675781e+01
2.083513069152832031e+01
2.085226631164550781e+01
2.086934661865234375e+01
2.088640975952148438e+01
2.090344810485839844e+01
2.092046165466308594e+01
2.093747138977050781e+01
2.095444488525390625e+01
2.097135925292968750e+01
2.098829269409179688e+01
2.100520133972167969e+01
2.102209663391113281e+01
2.103895950317382812e+01
2.105579376220703125e+01
2.107262611389160156e+01
2.108940696716308594e+01
2.110618782043457031e+01
2.112292098999023438e+01
2.113965606689453125e+01
2.115634918212890625e+01
2.117304229736328125e+01
2.118968391418457031e+01
2.120632171630859375e+01
2.122298240661621094e+01
2.123959922790527344e+01
2.125619125366210938e+01
2.127277755737304688e+01
2.128933906555175781e+01
2.130587959289550781e+01
2.132240104675292969e+01
2.133892059326171875e+01
2.135541152954101562e+01
2.137188529968261719e+01
2.138836288452148438e+01
2.140484428405761719e+01
2.142127990722656250e+01
2.143770408630371094e+01
2.145411109924316406e+01
2.147048377990722656e+01
2.148685836791992188e+01
2.150322151184082031e+01
2.151957321166992188e+01
2.153588867187500000e+01
2.155221176147460938e+01
2.156850433349609375e+01
2.158480072021484375e+01
2.160109138488769531e+01
2.161735534667968750e+01
2.163362884521484375e+01
2.164985275268554688e+01
2.166604042053222656e+01
2.168219947814941406e+01
2.169834709167480469e+01
2.171449661254882812e+01
2.173063468933105469e+01
2.174682235717773438e+01
2.176293563842773438e+01
2.177902412414550781e+01
2.179508209228515625e+01
2.181112480163574219e+01
2.182717323303222656e+01
2.184319496154785156e+01
2.185922241210937500e+01
2.187520790100097656e+01
2.189118576049804688e+01
2.190715217590332031e+01
2.192308425903320312e+01
2.193903732299804688e+01
2.195493888854980469e+01
2.197084236145019531e+01
2.198672294616699219e+01
2.200260925292968750e+01
2.201847839355468750e+01
2.203431129455566406e+01
2.205012702941894531e+01
2.206592369079589844e+01
2.208168601989746094e+01
2.209744262695312500e+01
2.211320304870605469e+01
2.212895965576171875e+01
2.214468955993652344e+01
2.216038703918457031e+01
2.217608642578125000e+01
2.219176101684570312e+01
2.220743942260742188e+01
2.222309875488281250e+01
2.223871994018554688e+01
2.225430679321289062e+01
2.226986694335937500e+01
2.228538894653320312e+01
2.230089759826660156e+01
2.231637763977050781e+01
2.233185958862304688e+01
2.234733581542968750e+01
2.236279869079589844e+01
2.237825965881347656e+01
2.239370918273925781e+01
2.240911483764648438e+01
2.242454719543457031e+01
2.243994331359863281e+01
2.245534515380859375e+01
2.247071456909179688e+01
2.248609542846679688e+01
2.250144004821777344e+01
2.251678466796875000e+01
2.253210449218750000e+01
2.254743576049804688e+01
2.256273460388183594e+01
2.257803535461425781e+01
2.259330749511718750e+01
2.260856437683105469e+01
2.262381744384765625e+01
2.263903999328613281e+01
2.265424919128417969e+01
2.266946411132812500e+01
2.268463706970214844e+01
2.269979858398437500e+01
2.271496391296386719e+01
2.273012161254882812e+01
2.274526405334472656e+01
2.276040458679199219e+01
2.277551651000976562e+01
2.279060173034667969e+01
2.280566406250000000e+01
2.282071876525878906e+01
2.283579444885253906e+01
2.285086822509765625e+01
2.286594390869140625e+01
2.288097572326660156e+01
2.289600181579589844e+01
2.291102409362792969e+01
2.292605018615722656e+01
2.294105339050292969e+01
2.295604324340820312e+01
2.297102928161621094e+01
2.298598861694335938e+01
2.300092124938964844e+01
2.301580619812011719e+01
2.303071212768554688e+01
2.304561233520507812e+01
2.306048965454101562e+01
2.307537841796875000e+01
2.309023475646972656e+01
2.310507583618164062e+01
2.311989974975585938e+01
2.313472366333007812e+01
2.314952659606933594e+01
2.316431236267089844e+01
2.317907714843750000e+01
2.319384765625000000e+01
2.320865440368652344e+01
2.322341918945312500e+01
2.323816299438476562e+01
2.325288963317871094e+01
2.326761245727539062e+01
2.328235816955566406e+01
2.329704666137695312e+01
2.331174278259277344e+01
2.332642745971679688e+01
2.334110450744628906e+01
2.335576057434082031e+01
2.337040328979492188e+01
2.338503456115722656e+01
2.339961814880371094e+01
2.341423606872558594e+01
2.342882156372070312e+01
2.344341278076171875e+01
2.345797920227050781e+01
2.347249603271484375e+01
2.348701667785644531e+01
2.350154304504394531e+01
2.351605987548828125e+01
2.353054809570312500e+01
2.354506301879882812e+01
2.355953025817871094e+01
2.357400321960449219e+01
2.358845901489257812e+01
2.360288810729980469e+01
2.361729812622070312e+01
2.363170814514160156e+01
2.364609336853027344e+01
2.366046905517578125e+01
2.367481040954589844e+01
2.368912887573242188e+01
2.370347785949707031e+01
2.371779632568359375e+01
2.373210144042968750e+01
2.374639129638671875e+01
2.376067733764648438e+01
2.377495002746582031e+01
2.378920364379882812e+01
2.380342674255371094e+01
2.381768608093261719e+01
2.383192443847656250e+01
2.384614944458007812e+01
2.386036872863769531e+01
2.387457847595214844e+01
2.388878440856933594e+01
2.390294647216796875e+01
2.391711044311523438e+01
2.393126106262207031e+01
2.394540596008300781e+01
2.395953559875488281e+01
2.397363471984863281e+01
2.398772048950195312e+01
2.400180053710937500e+01
2.401586723327636719e+01
2.402991294860839844e+01
2.404394912719726562e+01
2.405800247192382812e+01
2.407204055786132812e+01
2.408605766296386719e+01
2.410007476806640625e+01
2.411406135559082031e+01
2.412804985046386719e+01
2.414202499389648438e+01
2.415597915649414062e+01
2.416992187500000000e+01
2.418390655517578125e+01
2.419785881042480469e+01
2.421177673339843750e+01
2.422569274902343750e+01
2.423958015441894531e+01
2.425347137451171875e+01
2.426733398437500000e+01
2.428119659423828125e+01
2.429501152038574219e+01
2.430883979797363281e+01
2.432268142700195312e+01
2.433650207519531250e+01
2.435031509399414062e+01
2.436411285400390625e+01
2.437789344787597656e+01
2.439167404174804688e+01
2.440548896789550781e+01
2.441927909851074219e+01
2.443304824829101562e+01
2.444680023193359375e+01
2.446054649353027344e+01
2.447428131103515625e+01
2.448800277709960938e+01
2.450169563293457031e+01
2.451534461975097656e+01
2.452902984619140625e+01
2.454268646240234375e+01
2.455634117126464844e+01
2.456998825073242188e+01
2.458359718322753906e+01
2.459723663330078125e+01
2.461086082458496094e+01
2.462445449829101562e+01
2.463803100585937500e+01
2.465160179138183594e+01
2.466517829895019531e+01
2.467873001098632812e+01
2.469227981567382812e+01
2.470582580566406250e+01
2.471936225891113281e+01
2.473285293579101562e+01
2.474632835388183594e+01
2.475982856750488281e+01
2.477330589294433594e+01
2.478674697875976562e+01
2.480018806457519531e+01
2.481361007690429688e+01
2.482701301574707031e+01
2.484042358398437500e+01
2.485382270812988281e+01
2.486722183227539062e+01
2.488059806823730469e+01
2.489395523071289062e+01
2.490728759765625000e+01
2.492060852050781250e+01
2.493394470214843750e+01
2.494725418090820312e+01
2.496054649353027344e+01
2.497383880615234375e+01
2.498711395263671875e+01
2.500042724609375000e+01
2.501372528076171875e+01
2.502703475952148438e+01
2.504031753540039062e+01
2.505359077453613281e+01
2.506683731079101562e+01
2.508007240295410156e+01
2.509328460693359375e+01
2.510649490356445312e+01
2.511971473693847656e+01
2.513294410705566406e+01
2.514615631103515625e+01
2.515934371948242188e+01
2.517251205444335938e+01
2.518566131591796875e+01
2.519881248474121094e+01
2.521197128295898438e+01
2.522510719299316406e+01
2.523824310302734375e+01
2.525135421752929688e+01
2.526447868347167969e+01
2.527757072448730469e+01
2.529069137573242188e+01
2.530379295349121094e+01
2.531685066223144531e+01
2.532991218566894531e+01
2.534295463562011719e+01
2.535601234436035156e+01
2.536904525756835938e+01
2.538205528259277344e+01
2.539505004882812500e+01
2.540803718566894531e+01
2.542102622985839844e+01
2.543399620056152344e+01
2.544696235656738281e+01
2.545991897583007812e+01
2.547288894653320312e+01
2.548584556579589844e+01
2.549878501892089844e+01
2.551172447204589844e+01
2.552464103698730469e+01
2.553754806518554688e+01
2.555044174194335938e+01
2.556334686279296875e+01
2.557621955871582031e+01
2.558910179138183594e+01
2.560197448730468750e+01
2.561482620239257812e+01
2.562769126892089844e+01
2.564056396484375000e+01
2.565341377258300781e+01
2.566624832153320312e+01
2.567907905578613281e+01
2.569189071655273438e+01
2.570468711853027344e+01
2.571747016906738281e+01
2.573026657104492188e+01
2.574303436279296875e+01
2.575581741333007812e+01
2.576856803894042969e+01
2.578130531311035156e+01
2.579402351379394531e+01
2.580673980712890625e+01
2.581945610046386719e+01
2.583216285705566406e+01
2.584486770629882812e+01
2.585755157470703125e+01
2.587023353576660156e+01
2.588289451599121094e+01
2.589554977416992188e+01
2.590817451477050781e+01
2.592082595825195312e+01
2.593344306945800781e+01
2.594603538513183594e+01
2.595862197875976562e+01
2.597114944458007812e+01
2.598371124267578125e+01
2.599626159667968750e+01
2.600876998901367188e+01
2.602130126953125000e+01
2.603380966186523438e+01
2.604633712768554688e+01
2.605884933471679688e+01
2.607131385803222656e+01
2.608380889892578125e+01
2.609626960754394531e+01
2.610873985290527344e+01
2.612118148803710938e+01
2.613366699218750000e+01
2.614613533020019531e+01
2.615856361389160156e+01
2.617102432250976562e+01
2.618346405029296875e+01
2.619587516784667969e+01
2.620832824707031250e+01
2.622075843811035156e+01
2.623318481445312500e+01
2.624559593200683594e+01
2.625801086425781250e+01
2.627041435241699219e+01
2.628281211853027344e+01
2.629517173767089844e+01
2.630754280090332031e+01
2.631989669799804688e+01
2.633222198486328125e+01
2.634454727172851562e+01
2.635686111450195312e+01
2.636918067932128906e+01
2.638148689270019531e+01
2.639379882812500000e+01
2.640609931945800781e+01
2.641840362548828125e+01
2.643068122863769531e+01
2.644294548034667969e+01
2.645520782470703125e+01
2.646746826171875000e+01
2.647971534729003906e+01
2.649196052551269531e+01
2.650418472290039062e+01
2.651640701293945312e+01
2.652861595153808594e+01
2.654081916809082031e+01
2.655301856994628906e+01
2.656520080566406250e+01
2.657734870910644531e+01
2.658948135375976562e+01
2.660160827636718750e+01
2.661373901367187500e+01
2.662586021423339844e+01
2.663798141479492188e+01
2.665009307861328125e+01
2.666218376159667969e+01
2.667429924011230469e+01
2.668637275695800781e+01
2.669845199584960938e+01
2.671052742004394531e+01
2.672259140014648438e+01
2.673464965820312500e+01
2.674670791625976562e+01
2.675879287719726562e+01
2.677081680297851562e+01
2.678288459777832031e+01
2.679493713378906250e+01
2.680695915222167969e+01
2.681898307800292969e+01
2.683097076416015625e+01
2.684300041198730469e+01
2.685500717163085938e+01
2.686700630187988281e+01
2.687899971008300781e+01
2.689099502563476562e+01
2.690296936035156250e+01
2.691491699218750000e+01
2.692687034606933594e+01
2.693881416320800781e+01
2.695075988769531250e+01
2.696266365051269531e+01
2.697456741333007812e+01
2.698649024963378906e+01
2.699840545654296875e+01
2.701027297973632812e+01
2.702212524414062500e+01
2.703401947021484375e+01
2.704586982727050781e+01
2.705772399902343750e+01
2.706957054138183594e+01
2.708138465881347656e+01
2.709319877624511719e+01
2.710502243041992188e+01
2.711684989929199219e+01
2.712867927551269531e+01
2.714044952392578125e+01
2.715222740173339844e+01
2.716397285461425781e+01
2.717575645446777344e+01
2.718750572204589844e+01
2.719927024841308594e+01
2.721099662780761719e+01
2.722273826599121094e+01
2.723446464538574219e+01
2.724620246887207031e+01
2.725793266296386719e+01
2.726963233947753906e+01
2.728131103515625000e+01
2.729296493530273438e+01
2.730482673645019531e+01
2.731659317016601562e+01
2.732838630676269531e+01
2.734014511108398438e+01
2.735187911987304688e+01
2.736357688903808594e+01
2.737527275085449219e+01
2.738693618774414062e+01
2.739861869812011719e+01
2.741028785705566406e+01
2.742195510864257812e+01
2.743361854553222656e+01
2.744526290893554688e+01
2.745689773559570312e+01
2.746853446960449219e+01
2.748014450073242188e+01
2.749172019958496094e+01
2.750330543518066406e+01
2.751487541198730469e+01
2.752647018432617188e+01
2.753802299499511719e+01
2.754956626892089844e+01
2.756113624572753906e+01
2.757268333435058594e+01
2.758421134948730469e+01
2.759574127197265625e+01
2.760724639892578125e+01
2.761870193481445312e+01
2.763018417358398438e+01
2.764165496826171875e+01
2.765312385559082031e+01
2.766458702087402344e+01
2.767604255676269531e+01
2.768748474121093750e+01
2.769891929626464844e+01
2.771036911010742188e+01
2.772179222106933594e+01
2.773319816589355469e+01
2.774456024169921875e+01
2.775594329833984375e+01
2.776733779907226562e+01
2.777872657775878906e+01
2.779015922546386719e+01
2.780154609680175781e+01
2.781291770935058594e+01
2.782429313659667969e+01
2.783563995361328125e+01
2.784700393676757812e+01
2.785836791992187500e+01
2.786972618103027344e+01
2.788110160827636719e+01
2.789244079589843750e+01
2.790375518798828125e+01
2.791510200500488281e+01
2.792641448974609375e+01
2.793773841857910156e+01
2.794904708862304688e+01
2.796035766601562500e+01
2.797167968750000000e+01
2.798295593261718750e+01
2.799423217773437500e+01
2.800549316406250000e+01
2.801676368713378906e+01
2.802800941467285156e+01
2.803926086425781250e+01
2.805050277709960938e+01
2.806172561645507812e+01
2.807293891906738281e+01
2.808414459228515625e+01
2.809534072875976562e+01
2.810651779174804688e+01
2.811770057678222656e+01
2.812892532348632812e+01
2.814006805419921875e+01
2.815123939514160156e+01
2.816241645812988281e+01
2.817356872558593750e+01
2.818473625183105469e+01
2.819588279724121094e+01
2.820703697204589844e+01
2.821820068359375000e+01
2.822934532165527344e+01
2.824050331115722656e+01
2.825164604187011719e+01
2.826277542114257812e+01
2.827388191223144531e+01
2.828498268127441406e+01
2.829608726501464844e+01
2.830718803405761719e+01
2.831826400756835938e+01
2.832936286926269531e+01
2.834040451049804688e+01
2.835145568847656250e+01
2.836253929138183594e+01
2.837359237670898438e+01
2.838463020324707031e+01
2.839565277099609375e+01
2.840667533874511719e+01
2.841768074035644531e+01
2.842868804931640625e+01
2.843969345092773438e+01
2.845067024230957031e+01
2.846162414550781250e+01
2.847256660461425781e+01
2.848354339599609375e+01
2.849446678161621094e+01
2.850540351867675781e+01
2.851634788513183594e+01
2.852726554870605469e+01
2.853821372985839844e+01
2.854914283752441406e+01
2.856004333496093750e+01
2.857094955444335938e+01
2.858189392089843750e+01
2.859280776977539062e+01
2.860374832153320312e+01
2.861466026306152344e+01
2.862552833557128906e+01
2.863639831542968750e+01
2.864729118347167969e+01
2.865816688537597656e+01
2.866904067993164062e+01
2.867988014221191406e+01
2.869071769714355469e+01
2.870153617858886719e+01
2.871237182617187500e+01
2.872319412231445312e+01
2.873402023315429688e+01
2.874485588073730469e+01
2.875569152832031250e+01
2.876649093627929688e+01
2.877730369567871094e+01
2.878811645507812500e+01
2.879891967773437500e+01
2.880971336364746094e+01
2.882050895690917969e+01
2.883127021789550781e+01
2.884200477600097656e+01
2.885273170471191406e+01
2.886347770690917969e+01
2.887419891357421875e+01
2.888492202758789062e+01
2.889564895629882812e+01
2.890638351440429688e+01
2.891712188720703125e+01
2.892786216735839844e+01
2.893856048583984375e+01
2.894926834106445312e+01
2.895993804931640625e+01
2.897059822082519531e+01
2.898127365112304688e+01
2.899194335937500000e+01
2.900260925292968750e+01
2.901328086853027344e+01
2.902395057678222656e+01
2.903458213806152344e+01
2.904520797729492188e+01
2.905581474304199219e+01
2.906642532348632812e+01
2.907700729370117188e+01
2.908759307861328125e+01
2.909818458557128906e+01
2.910875129699707031e+01
2.911935043334960938e+01
2.912992477416992188e+01
2.914050674438476562e+01
2.915104293823242188e+01
2.916160964965820312e+01
2.917217445373535156e+01
2.918273162841796875e+01
2.919348716735839844e+01
2.920415115356445312e+01
2.921479034423828125e+01
2.922539138793945312e+01
2.923600959777832031e+01
2.924659729003906250e+01
2.925717926025390625e+01
2.926773262023925781e+01
2.927828598022460938e+01
2.928880882263183594e+01
2.929933357238769531e+01
2.930985641479492188e+01
2.932038879394531250e+01
2.933090400695800781e+01
2.934143638610839844e+01
2.935194778442382812e+01
2.936243820190429688e+01
2.937294960021972656e+01
2.938347053527832031e+01
2.939395904541015625e+01
2.940447235107421875e+01
2.941495323181152344e+01
2.942541313171386719e+01
2.943587493896484375e+01
2.944632530212402344e+01
2.945676803588867188e+01
2.946721839904785156e+01
2.947762489318847656e+01
2.948801994323730469e+01
2.949840736389160156e+01
2.950877952575683594e+01
2.951917839050292969e+01
2.952954673767089844e+01
2.953990364074707031e+01
2.955024528503417969e+01
2.956060409545898438e+01
2.957092857360839844e+01
2.958125686645507812e+01
2.959158325195312500e+01
2.960194206237792969e+01
2.961232185363769531e+01
2.962265396118164062e+01
2.963297653198242188e+01
2.964328956604003906e+01
2.965361213684082031e+01
2.966392898559570312e+01
2.967422866821289062e+01
2.968453216552734375e+01
2.969482040405273438e+01
2.970510673522949219e+01
2.971538162231445312e+01
2.972562980651855469e+01
2.973591041564941406e+01
2.974617385864257812e+01
2.975641632080078125e+01
2.976666641235351562e+01
2.977689933776855469e+01
2.978709220886230469e+01
2.979728317260742188e+01
2.980744552612304688e+01
2.981762695312500000e+01
2.982781791687011719e+01
2.983799552917480469e+01
2.984814834594726562e+01
2.985830879211425781e+01
2.986845970153808594e+01
2.987859344482421875e+01
2.988874244689941406e+01
2.989888000488281250e+01
2.990901756286621094e+01
2.991917228698730469e+01
2.992933464050292969e+01
2.993947029113769531e+01
2.994959831237792969e+01
2.995970726013183594e+01
2.996981048583984375e+01
2.997994422912597656e+01
2.999005889892578125e+01
3.000015449523925781e+01
3.001024818420410156e+01
3.002033233642578125e+01
3.003040885925292969e+01
3.004046821594238281e+01
3.005055427551269531e+01
3.006062889099121094e+01
3.007071304321289062e+01
3.008080291748046875e+01
3.009087944030761719e+01
3.010094070434570312e+01
3.011100578308105469e+01
3.012106513977050781e+01
3.013111877441406250e+01
3.014117240905761719e+01
3.015119934082031250e+01
3.016125106811523438e+01
3.017127609252929688e+01
3.018133163452148438e+01
3.019134712219238281e+01
3.020137023925781250e+01
3.021137428283691406e+01
3.022134971618652344e+01
3.023131179809570312e+01
3.024127960205078125e+01
3.025127220153808594e+01
3.026126861572265625e+01
3.027123451232910156e+01
3.028120994567871094e+01
3.029116439819335938e+01
3.030110549926757812e+01
3.031101036071777344e+01
3.032094192504882812e+01
3.033086776733398438e+01
3.034080505371093750e+01
3.035070228576660156e+01
3.036059951782226562e+01
3.037050247192382812e+01
3.038043785095214844e+01
3.039032745361328125e+01
3.040018844604492188e+01
3.041004371643066406e+01
3.041992568969726562e+01
3.042980003356933594e+01
3.043966293334960938e+01
3.044955062866210938e+01
3.045940208435058594e+01
3.046924018859863281e+01
3.047911071777343750e+01
3.048898315429687500e+01
3.049885177612304688e+01
3.050867462158203125e+01
3.051853561401367188e+01
3.052837562561035156e+01
3.053823089599609375e+01
3.054807662963867188e+01
3.055788230895996094e+01
3.056767463684082031e+01
3.057745933532714844e+01
3.058725547790527344e+01
3.059702873229980469e+01
3.060677528381347656e+01
3.061653518676757812e+01
3.062627792358398438e+01
3.063601684570312500e+01
3.064578247070312500e+01
3.065556335449218750e+01
3.066529273986816406e+01
3.067501449584960938e+01
3.068470001220703125e+01
3.069440841674804688e+01
3.070410919189453125e+01
3.071378135681152344e+01
3.072349929809570312e+01
3.073320007324218750e+01
3.074289703369140625e+01
3.075256347656250000e+01
3.076222419738769531e+01
3.077187347412109375e+01
3.078153038024902344e+01
3.079118728637695312e+01
3.080082702636718750e+01
3.081047821044921875e+01
3.082012367248535156e+01
3.082977676391601562e+01
3.083941650390625000e+01
3.084905242919921875e+01
3.085872840881347656e+01
3.086838150024414062e+01
3.087800788879394531e+01
3.088762664794921875e+01
3.089723205566406250e+01
3.090682029724121094e+01
3.091642951965332031e+01
3.092602729797363281e+01
3.093563652038574219e+01
3.094523620605468750e+01
3.095479583740234375e+01
3.096436119079589844e+01
3.097391510009765625e+01
3.098347663879394531e+01
3.099300193786621094e+01
3.100254631042480469e+01
3.101207923889160156e+01
3.102160644531250000e+01
3.103112792968750000e+01
3.104063415527343750e+01
3.105017471313476562e+01
3.105968475341796875e+01
3.106922721862792969e+01
3.107876014709472656e+01
3.108830642700195312e+01
3.109782981872558594e+01
3.110735321044921875e+01
3.111685180664062500e+01
3.112636184692382812e+01
3.113586616516113281e+01
3.114534187316894531e+01
3.115481567382812500e+01
3.116426849365234375e+01
3.117373847961425781e+01
3.118320846557617188e+01
3.119267845153808594e+01
3.120215988159179688e+01
3.121159362792968750e+01
3.122105216979980469e+01
3.123050498962402344e+01
3.123994064331054688e+01
3.124936866760253906e+01
3.125878524780273438e+01
3.126821136474609375e+01
3.127765464782714844e+01
3.128707885742187500e+01
3.129649162292480469e+01
3.130587959289550781e+01
3.131529045104980469e+01
3.132470321655273438e+01
3.133412361145019531e+01
3.134354019165039062e+01
3.135295677185058594e+01
3.136238098144531250e+01
3.137178802490234375e+01
3.138117218017578125e+01
3.139053916931152344e+01
3.139988708496093750e+01
3.140925216674804688e+01
3.141861724853515625e+01
3.142798614501953125e+01
3.143732452392578125e+01
3.144664764404296875e+01
3.145595932006835938e+01
3.146528053283691406e+01
3.147458839416503906e+01
3.148389625549316406e+01
3.149321365356445312e+01
3.150253677368164062e+01
3.151187133789062500e+01
3.152120208740234375e+01
3.153051376342773438e+01
3.153983879089355469e+01
3.154911994934082031e+01
3.155839538574218750e+01
3.156770324707031250e+01
3.157702255249023438e+01
3.158631515502929688e+01
3.159558105468750000e+01
3.160486412048339844e+01
3.161414337158203125e+01
3.162342834472656250e+01
3.163273239135742188e+01
3.164199066162109375e+01
3.165123939514160156e+01
3.166047859191894531e+01
3.166970062255859375e+01
3.167890739440917969e+01
3.168812561035156250e+01
3.169734382629394531e+01
3.170654106140136719e+01
3.171574783325195312e+01
3.172494506835937500e+01
3.173412132263183594e+01
3.174331092834472656e+01
3.175247383117675781e+01
3.176165390014648438e+01
3.177080726623535156e+01
3.177992630004882812e+01
3.178908538818359375e+01
3.179819297790527344e+01
3.180732345581054688e+01
3.181644248962402344e+01
3.182552909851074219e+01
3.183460807800292969e+01
3.184366607666015625e+01
3.185279464721679688e+01
3.186189651489257812e+01
3.187102317810058594e+01
3.188016700744628906e+01
3.188931083679199219e+01
3.189841270446777344e+01
3.190753364562988281e+01
3.191666603088378906e+01
3.192583084106445312e+01
3.193495941162109375e+01
3.194407272338867188e+01
3.195320320129394531e+01
3.196232032775878906e+01
3.197142982482910156e+01
3.198051834106445312e+01
3.198959732055664062e+01
3.199867248535156250e+01
3.200773620605468750e+01
3.201681518554687500e+01
3.202586746215820312e+01
3.203490829467773438e+01
3.204396438598632812e+01
3.205302810668945312e+01
3.206208801269531250e+01
3.207114028930664062e+01
3.208018493652343750e+01
3.208920288085937500e+01
3.209823608398437500e+01
3.210725021362304688e+01
3.211624526977539062e+01
3.212525558471679688e+01
3.213440322875976562e+01
3.214350509643554688e+01
3.215258026123046875e+01
3.216160964965820312e+01
3.217066574096679688e+01
3.217972564697265625e+01
3.218877029418945312e+01
3.219784545898437500e+01
3.220688247680664062e+01
3.221591949462890625e+01
3.222492599487304688e+01
3.223393630981445312e+01
3.224293899536132812e+01
3.225186920166015625e+01
3.226085281372070312e+01
3.226982879638671875e+01
3.227882766723632812e+01
3.228776550292968750e+01
3.229670715332031250e+01
3.230564880371093750e+01
3.231457519531250000e+01
3.232351303100585938e+01
3.233244323730468750e+01
3.234137344360351562e+01
3.235030364990234375e+01
3.235924911499023438e+01
3.236815261840820312e+01
3.237703323364257812e+01
3.238589096069335938e+01
3.239477539062500000e+01
3.240367507934570312e+01
3.241256713867187500e+01
3.242145919799804688e+01
3.243035507202148438e+01
3.243922805786132812e+01
3.244809341430664062e+01
3.245697402954101562e+01
3.246585845947265625e+01
3.247473526000976562e+01
3.248358917236328125e+01
3.249242401123046875e+01
3.250127410888671875e+01
3.251013183593750000e+01
3.251897430419921875e+01
3.252779388427734375e+01
3.253662872314453125e+01
3.254545974731445312e+01
3.255428695678710938e+01
3.256310272216796875e+01
3.257193374633789062e+01
3.258076477050781250e+01
3.258959960937500000e+01
3.259840393066406250e+01
3.260721588134765625e+01
3.261597061157226562e+01
3.262475585937500000e+01
3.263351058959960938e+01
3.264223861694335938e+01
3.265098571777343750e+01
3.265976333618164062e+01
3.266850280761718750e+01
3.267726898193359375e+01
3.268603515625000000e+01
3.269478988647460938e+01
3.270351791381835938e+01
3.271224975585937500e+01
3.272100830078125000e+01
3.272974395751953125e+01
3.273847198486328125e+01
3.274718475341796875e+01
3.275589370727539062e+01
3.276461410522460938e+01
3.277332687377929688e+01
3.278204345703125000e+01
3.279078674316406250e+01
3.279951095581054688e+01
3.280819702148437500e+01
3.281689834594726562e+01
3.282559967041015625e+01
3.283429336547851562e+01
3.284300994873046875e+01
3.285171890258789062e+01
3.286034774780273438e+01
3.286898803710937500e+01
3.287763977050781250e+01
3.288629913330078125e+01
3.289494323730468750e+01
3.290357971191406250e+01
3.291220092773437500e+01
3.292081069946289062e+01
3.292941284179687500e+01
3.293805313110351562e+01
3.294666671752929688e+01
3.295524215698242188e+01
3.296386337280273438e+01
3.297248458862304688e+01
3.298108673095703125e+01
3.298968124389648438e+01
3.299828338623046875e+01
3.300689697265625000e+01
3.301548767089843750e+01
3.302409744262695312e+01
3.303269958496093750e+01
3.304129028320312500e+01
3.304987335205078125e+01
3.305845642089843750e+01
3.306704330444335938e+01
3.307561874389648438e+01
3.308420181274414062e+01
3.309276962280273438e+01
3.310132217407226562e+01
3.310988235473632812e+01
3.311842727661132812e+01
3.312694931030273438e+01
3.313546752929687500e+01
3.314400482177734375e+01
3.315253829956054688e+01
3.316102981567382812e+01
3.316951751708984375e+01
3.317800903320312500e+01
3.318648529052734375e+01
3.319498062133789062e+01
3.320348358154296875e+01
3.321202468872070312e+01
3.322055816650390625e+01
3.322907257080078125e+01
3.323759460449218750e+01
3.324612808227539062e+01
3.325463485717773438e+01
3.326316833496093750e+01
3.327166748046875000e+01
3.328019332885742188e+01
3.328871154785156250e+01
3.329720687866210938e+01
3.330568695068359375e+01
3.331417083740234375e+01
3.332266235351562500e+01
3.333111953735351562e+01
3.333959197998046875e+01
3.334805297851562500e+01
3.335651779174804688e+01
3.336497116088867188e+01
3.337342834472656250e+01
3.338191604614257812e+01
3.339035415649414062e+01
3.339880371093750000e+01
3.340725708007812500e+01
3.341567611694335938e+01
3.342409896850585938e+01
3.343252563476562500e+01
3.344092559814453125e+01
3.344933319091796875e+01
3.345774078369140625e+01
3.346614074707031250e+01
3.347452926635742188e+01
3.348292922973632812e+01
3.349133300781250000e+01
3.349972152709960938e+01
3.350812149047851562e+01
3.351647949218750000e+01
3.352488327026367188e+01
3.353328704833984375e+01
3.354167175292968750e+01
3.355003356933593750e+01
3.355839920043945312e+01
3.356678771972656250e+01
3.357514190673828125e+01
3.358349227905273438e+01
3.359181976318359375e+01
3.360016250610351562e+01
3.360846710205078125e+01
3.361677932739257812e+01
3.362509536743164062e+01
3.363338088989257812e+01
3.364166641235351562e+01
3.364992523193359375e+01
3.365819549560546875e+01
3.366645050048828125e+01
3.367472457885742188e+01
3.368299102783203125e+01
3.369125366210937500e+01
3.369951248168945312e+01
3.370774841308593750e+01
3.371598434448242188e+01
3.372422790527343750e+01
3.373245239257812500e+01
3.374064636230468750e+01
3.374884033203125000e+01
3.375702667236328125e+01
3.376525497436523438e+01
3.377346801757812500e+01
3.378166961669921875e+01
3.378991699218750000e+01
3.379812240600585938e+01
3.380632781982421875e+01
3.381454467773437500e+01
3.382273864746093750e+01
3.383092498779296875e+01
3.383909225463867188e+01
3.384723663330078125e+01
3.385538864135742188e+01
3.386356735229492188e+01
3.387171554565429688e+01
3.387988281250000000e+01
3.388802337646484375e+01
3.389615249633789062e+01
3.390427780151367188e+01
3.391241455078125000e+01
3.392053222656250000e+01
3.392863464355468750e+01
3.393675231933593750e+01
3.394487380981445312e+01
3.395295333862304688e+01
3.396105575561523438e+01
3.396917343139648438e+01
3.397727966308593750e+01
3.398538208007812500e+01
3.399351882934570312e+01
3.400165176391601562e+01
3.400977706909179688e+01
3.401789855957031250e+01
3.402601242065429688e+01
3.403410339355468750e+01
3.404220581054687500e+01
3.405028533935546875e+01
3.405837631225585938e+01
3.406643676757812500e+01
3.407450866699218750e+01
3.408258438110351562e+01
3.409065628051757812e+01
3.409875106811523438e+01
3.410683822631835938e+01
3.411494445800781250e+01
3.412306594848632812e+01
3.413114547729492188e+01
3.413923645019531250e+01
3.414730453491210938e+01
3.415537643432617188e+01
3.416343307495117188e+01
3.417148590087890625e+01
3.417954254150390625e+01
3.418758773803710938e+01
3.419561767578125000e+01
3.420364379882812500e+01
3.421164703369140625e+01
3.421968841552734375e+01
3.422771835327148438e+01
3.423575973510742188e+01
3.424379348754882812e+01
3.425182342529296875e+01
3.425983047485351562e+01
3.426787567138671875e+01
3.427592468261718750e+01
3.428395462036132812e+01
3.429197311401367188e+01
3.429999923706054688e+01
3.430802154541015625e+01
3.431603622436523438e+01
3.432402801513671875e+01
3.433202743530273438e+01
3.434003829956054688e+01
3.434803009033203125e+01
3.435596847534179688e+01
3.436391448974609375e+01
3.437187576293945312e+01
3.437984085083007812e+01
3.438782119750976562e+01
3.439576339721679688e+01
3.440370559692382812e+01
3.441164779663085938e+01
3.441960906982421875e+01
3.442755508422851562e+01
3.443552017211914062e+01
3.444349670410156250e+01
3.445145797729492188e+01
3.445942306518554688e+01
3.446735763549804688e+01
3.447531890869140625e+01
3.448324203491210938e+01
3.449116516113281250e+01
3.449906539916992188e+01
3.450696182250976562e+01
3.451486968994140625e+01
3.452279663085937500e+01
3.453070449829101562e+01
3.453860473632812500e+01
3.454648590087890625e+01
3.455436325073242188e+01
3.456223297119140625e+01
3.457011413574218750e+01
3.457798385620117188e+01
3.458584594726562500e+01
3.459370422363281250e+01
3.460155487060546875e+01
3.460939788818359375e+01
3.461726379394531250e+01
3.462512588500976562e+01
3.463300323486328125e+01
3.464083480834960938e+01
3.464868927001953125e+01
3.465650558471679688e+01
3.466434097290039062e+01
3.467216873168945312e+01
3.468000793457031250e+01
3.468783569335937500e+01
3.469566726684570312e+01
3.470349884033203125e+01
3.471134185791015625e+01
3.471917724609375000e+01
3.472698974609375000e+01
3.473480224609375000e+01
3.474261093139648438e+01
3.475041198730468750e+01
3.475823593139648438e+01
3.476606369018554688e+01
3.477385711669921875e+01
3.478163528442382812e+01
3.478941345214843750e+01
3.479719924926757812e+01
3.480498504638671875e+01
3.481280517578125000e+01
3.482064819335937500e+01
3.482845687866210938e+01
3.483623504638671875e+01
3.484402084350585938e+01
3.485179519653320312e+01
3.485956954956054688e+01
3.486732482910156250e+01
3.487504196166992188e+01
3.488277816772460938e+01
3.489048385620117188e+01
3.489823532104492188e+01
3.490597152709960938e+01
3.491370010375976562e+01
3.492146301269531250e+01
3.492920303344726562e+01
3.493694305419921875e+01
3.494465637207031250e+01
3.495238494873046875e+01
3.496009826660156250e+01
3.496780014038085938e+01
3.497553634643554688e+01
3.498326492309570312e+01
3.499097061157226562e+01
3.499866485595703125e+01
3.500638198852539062e+01
3.501411437988281250e+01
3.502182388305664062e+01
3.502950668334960938e+01
3.503721237182617188e+01
3.504491043090820312e+01
3.505260086059570312e+01
3.506027603149414062e+01
3.506798171997070312e+01
3.507567214965820312e+01
3.508333969116210938e+01
3.509101867675781250e+01
3.509867477416992188e+01
3.510631561279296875e+01
3.511394882202148438e+01
3.512158203125000000e+01
3.512923049926757812e+01
3.513684463500976562e+01
3.514446640014648438e+01
3.515209579467773438e+01
3.515974426269531250e+01
3.516737365722656250e+01
3.517500305175781250e+01
3.518262100219726562e+01
3.519025039672851562e+01
3.519786834716796875e+01
3.520550537109375000e+01
3.521311187744140625e+01
3.522069549560546875e+01
3.522828674316406250e+01
3.523589706420898438e+01
3.524347686767578125e+01
3.525107192993164062e+01
3.525867462158203125e+01
3.526624679565429688e+01
3.527386474609375000e+01
3.528146362304687500e+01
3.528907012939453125e+01
3.529666519165039062e+01
3.530426406860351562e+01
3.531185531616210938e+01
3.531943511962890625e+01
3.532703018188476562e+01
3.533461380004882812e+01
3.534217834472656250e+01
3.534973907470703125e+01
3.535728454589843750e+01
3.536483001708984375e+01
3.537237548828125000e+01
3.537994003295898438e+01
3.538748931884765625e+01
3.539502716064453125e+01
3.540257263183593750e+01
3.541010284423828125e+01
3.541764068603515625e+01
3.542517089843750000e+01
3.543268585205078125e+01
3.544021224975585938e+01
3.544772338867187500e+01
3.545524978637695312e+01
3.546277618408203125e+01
3.547029113769531250e+01
3.547782516479492188e+01
3.548535537719726562e+01
3.549284744262695312e+01
3.550037002563476562e+01
3.550788497924804688e+01
3.551539993286132812e+01
3.552291870117187500e+01
3.553036880493164062e+01
3.553786849975585938e+01
3.554536819458007812e+01
3.555284881591796875e+01
3.556032943725585938e+01
3.556779861450195312e+01
3.557528305053710938e+01
3.558276367187500000e+01
3.559024810791015625e+01
3.559770202636718750e+01
3.560512542724609375e+01
3.561255645751953125e+01
3.561997985839843750e+01
3.562739181518554688e+01
3.563482284545898438e+01
3.564221954345703125e+01
3.564961242675781250e+01
3.565702438354492188e+01
3.566443634033203125e+01
3.567184829711914062e+01
3.567922592163085938e+01
3.568659973144531250e+01
3.569396591186523438e+01
3.570136260986328125e+01
3.570874404907226562e+01
3.571614456176757812e+01
3.572355270385742188e+01
3.573097229003906250e+01
3.573836135864257812e+01
3.574573516845703125e+01
3.575315093994140625e+01
3.576052474975585938e+01
3.576792144775390625e+01
3.577528762817382812e+01
3.578265762329101562e+01
3.579001617431640625e+01
3.579737472534179688e+01
3.580472183227539062e+01
3.581205749511718750e+01
3.581938934326171875e+01
3.582675552368164062e+01
3.583409881591796875e+01
3.584142684936523438e+01
3.584877014160156250e+01
3.585611343383789062e+01
3.586347579956054688e+01
3.587080764770507812e+01
3.587813949584960938e+01
3.588546752929687500e+01
3.589281082153320312e+01
3.590017318725585938e+01
3.590753173828125000e+01
3.591491699218750000e+01
3.592227554321289062e+01
3.592962646484375000e+01
3.593698501586914062e+01
3.594430541992187500e+01
3.595162582397460938e+01
3.595890808105468750e+01
3.596619415283203125e+01
3.597350311279296875e+01
3.598078536987304688e+01
3.598807525634765625e+01
3.599537658691406250e+01
3.600264358520507812e+01
3.600991821289062500e+01
3.601719665527343750e+01
3.602444839477539062e+01
3.603168869018554688e+01
3.603894805908203125e+01
3.604617309570312500e+01
3.605344772338867188e+01
3.606069183349609375e+01
3.606793594360351562e+01
3.607515335083007812e+01
3.608240509033203125e+01
3.608962249755859375e+01
3.609684371948242188e+01
3.610403060913085938e+01
3.611122131347656250e+01
3.611841964721679688e+01
3.612562942504882812e+01
3.613284301757812500e+01
3.614001083374023438e+01
3.614720153808593750e+01
3.615440368652343750e+01
3.616159057617187500e+01
3.616878128051757812e+01
3.617596054077148438e+01
3.618314743041992188e+01
3.619034194946289062e+01
3.619752502441406250e+01
3.620468521118164062e+01
3.621184158325195312e+01
3.621901321411132812e+01
3.622616958618164062e+01
3.623333358764648438e+01
3.624045944213867188e+01
3.624764251708984375e+01
3.625481796264648438e+01
3.626197433471679688e+01
3.626911544799804688e+01
3.627624893188476562e+01
3.628337097167968750e+01
3.629053497314453125e+01
3.629771423339843750e+01
3.630488204956054688e+01
3.631203460693359375e+01
3.631927871704101562e+01
3.632645034790039062e+01
3.633362197875976562e+01
3.634079742431640625e+01
3.634796905517578125e+01
3.635510635375976562e+01
3.636223983764648438e+01
3.636936950683593750e+01
3.637650680541992188e+01
3.638360595703125000e+01
3.639070892333984375e+01
3.639785766601562500e+01
3.640499877929687500e+01
3.641215515136718750e+01
3.641923141479492188e+01
3.642634201049804688e+01
3.643347930908203125e+01
3.644060897827148438e+01
3.644774627685546875e+01
3.645485687255859375e+01
3.646199798583984375e+01
3.646910095214843750e+01
3.647622680664062500e+01
3.648334884643554688e+01
3.649047088623046875e+01
3.649758911132812500e+01
3.650466537475585938e+01
3.651175308227539062e+01
3.651885223388671875e+01
3.652593994140625000e+01
3.653301239013671875e+01
3.654007339477539062e+01
3.654713439941406250e+01
3.655418777465820312e+01
3.656122970581054688e+01
3.656827926635742188e+01
3.657531738281250000e+01
3.658234405517578125e+01
3.658939743041992188e+01
3.659643554687500000e+01
3.660347366333007812e+01
3.661055374145507812e+01
3.661760330200195312e+01
3.662467193603515625e+01
3.663171005249023438e+01
3.663877487182617188e+01
3.664582061767578125e+01
3.665282440185546875e+01
3.665984725952148438e+01
3.666687011718750000e+01
3.667390823364257812e+01
3.668094635009765625e+01
3.668798828125000000e+01
3.669502258300781250e+01
3.670201492309570312e+01
3.670902252197265625e+01
3.671600723266601562e+01
3.672299575805664062e+01
3.672996139526367188e+01
3.673694992065429688e+01
3.674391174316406250e+01
3.675087356567382812e+01
3.675785827636718750e+01
3.676478958129882812e+01
3.677172470092773438e+01
3.677867507934570312e+01
3.678563308715820312e+01
3.679258728027343750e+01
3.679954910278320312e+01
3.680652236938476562e+01
3.681349182128906250e+01
3.682046127319335938e+01
3.682742691040039062e+01
3.683438110351562500e+01
3.684133529663085938e+01
3.684832000732421875e+01
3.685527420043945312e+01
3.686223220825195312e+01
3.686916732788085938e+01
3.687609863281250000e+01
3.688305664062500000e+01
3.688999176025390625e+01
3.689691543579101562e+01
3.690384292602539062e+01
3.691080093383789062e+01
3.691772079467773438e+01
3.692462158203125000e+01
3.693151855468750000e+01
3.693843460083007812e+01
3.694532775878906250e+01
3.695222854614257812e+01
3.695907974243164062e+01
3.696595764160156250e+01
3.697284698486328125e+01
3.697971725463867188e+01
3.698660659790039062e+01
3.699343109130859375e+01
3.700027847290039062e+01
3.700711441040039062e+01
3.701393127441406250e+01
3.702076339721679688e+01
3.702758789062500000e+01
3.703442382812500000e+01
3.704125213623046875e+01
3.704807662963867188e+01
3.705490493774414062e+01
3.706170272827148438e+01
3.706853485107421875e+01
3.707534027099609375e+01
3.708213806152343750e+01
3.708893203735351562e+01
3.709573745727539062e+01
3.710253143310546875e+01
3.710936355590820312e+01
3.711616134643554688e+01
3.712295913696289062e+01
3.712975692749023438e+01
3.713658142089843750e+01
3.714340209960937500e+01
3.715020751953125000e+01
3.715700531005859375e+01
3.716379547119140625e+01
3.717063522338867188e+01
3.717746734619140625e+01
3.718430328369140625e+01
3.719115447998046875e+01
3.719797515869140625e+01
3.720478057861328125e+01
3.721154785156250000e+01
3.721831893920898438e+01
3.722509765625000000e+01
3.723188400268554688e+01
3.723865127563476562e+01
3.724542617797851562e+01
3.725218200683593750e+01
3.725896835327148438e+01
3.726572799682617188e+01
3.727249908447265625e+01
3.727926254272460938e+01
3.728602981567382812e+01
3.729279708862304688e+01
3.729957199096679688e+01
3.730635452270507812e+01
3.731314849853515625e+01
3.731993484497070312e+01
3.732666397094726562e+01
3.733340835571289062e+01
3.734016418457031250e+01
3.734688949584960938e+01
3.735362625122070312e+01
3.736034774780273438e+01
3.736707305908203125e+01
3.737378692626953125e+01
3.738053894042968750e+01
3.738728332519531250e+01
3.739405059814453125e+01
3.740077972412109375e+01
3.740751266479492188e+01
3.741424179077148438e+01
3.742100906372070312e+01
3.742774963378906250e+01
3.743451309204101562e+01
3.744130325317382812e+01
3.744806671142578125e+01
3.745483016967773438e+01
3.746158599853515625e+01
3.746833419799804688e+01
3.747507476806640625e+01
3.748183822631835938e+01
3.748859024047851562e+01
3.749531936645507812e+01
3.750203704833984375e+01
3.750872802734375000e+01
3.751544189453125000e+01
3.752214813232421875e+01
3.752886199951171875e+01
3.753556442260742188e+01
3.754227828979492188e+01
3.754895782470703125e+01
3.755567169189453125e+01
3.756236267089843750e+01
3.756906127929687500e+01
3.757577133178710938e+01
3.758246994018554688e+01
3.758915710449218750e+01
3.759583282470703125e+01
3.760250473022460938e+01
3.760916519165039062e+01
3.761582565307617188e+01
3.762249755859375000e+01
3.762915039062500000e+01
3.763579177856445312e+01
3.764244842529296875e+01
3.764911651611328125e+01
3.765575790405273438e+01
3.766239929199218750e+01
3.766906356811523438e+01
3.767572021484375000e+01
3.768237304687500000e+01
3.768902206420898438e+01
3.769565963745117188e+01
3.770228958129882812e+01
3.770889663696289062e+01
3.771552276611328125e+01
3.772215270996093750e+01
3.772874450683593750e+01
3.773535919189453125e+01
3.774194717407226562e+01
3.774851989746093750e+01
3.775510787963867188e+01
3.776168441772460938e+01
3.776828384399414062e+01
3.777489471435546875e+01
3.778146362304687500e+01
3.778804779052734375e+01
3.779464721679687500e+01
3.780122375488281250e+01
3.780778503417968750e+01
3.781435012817382812e+01
3.782093048095703125e+01
3.782750701904296875e+01
3.783407974243164062e+01
3.784067153930664062e+01
3.784721755981445312e+01
3.785379409790039062e+01
3.786037826538085938e+01
3.786695480346679688e+01
3.787351989746093750e+01
3.788006210327148438e+01
3.788659286499023438e+01
3.789313125610351562e+01
3.789966201782226562e+01
3.790622329711914062e+01
3.791273117065429688e+01
3.791925811767578125e+01
3.792579650878906250e+01
3.793232727050781250e+01
3.793886184692382812e+01
3.794535446166992188e+01
3.795185470581054688e+01
3.795836257934570312e+01
3.796488189697265625e+01
3.797143554687500000e+01
3.797796630859375000e+01
3.798451614379882812e+01
3.799104309082031250e+01
3.799758148193359375e+01
3.800412368774414062e+01
3.801066207885742188e+01
3.801719284057617188e+01
3.802374649047851562e+01
3.803027725219726562e+01
3.803678512573242188e+01
3.804323959350585938e+01
3.804974365234375000e+01
3.805621719360351562e+01
3.806267929077148438e+01
3.806913375854492188e+01
3.807561492919921875e+01
3.808206176757812500e+01
3.808852005004882812e+01
3.809497833251953125e+01
3.810141754150390625e+01
3.810784912109375000e+01
3.811430358886718750e+01
3.812076950073242188e+01
3.812725448608398438e+01
3.813370895385742188e+01
3.814017868041992188e+01
3.814662551879882812e+01
3.815309524536132812e+01
3.815953826904296875e+01
3.816597747802734375e+01
3.817242050170898438e+01
3.817886734008789062e+01
3.818532180786132812e+01
3.819177627563476562e+01
3.819822692871093750e+01
3.820467758178710938e+01
3.821112442016601562e+01
3.821754074096679688e+01
3.822398376464843750e+01
3.823041534423828125e+01
3.823681640625000000e+01
3.824327087402343750e+01
3.824969100952148438e+01
3.825613784790039062e+01
3.826256561279296875e+01
3.826899719238281250e+01
3.827542877197265625e+01
3.828189849853515625e+01
3.828833389282226562e+01
3.829478454589843750e+01
3.830120086669921875e+01
3.830761718750000000e+01
3.831403350830078125e+01
3.832043838500976562e+01
3.832683181762695312e+01
3.833321762084960938e+01
3.833958053588867188e+01
3.834594726562500000e+01
3.835231781005859375e+01
3.835865402221679688e+01
3.836502456665039062e+01
3.837137985229492188e+01
3.837772750854492188e+01
3.838409805297851562e+01
3.839047622680664062e+01
3.839683914184570312e+01
3.840319824218750000e+01
3.840957260131835938e+01
3.841592788696289062e+01
3.842226409912109375e+01
3.842862701416015625e+01
3.843497085571289062e+01
3.844132232666015625e+01
3.844766235351562500e+01
3.845399856567382812e+01
3.846033477783203125e+01
3.846665191650390625e+01
3.847298431396484375e+01
3.847929382324218750e+01
3.848559951782226562e+01
3.849190902709960938e+01
3.849821853637695312e+01
3.850454330444335938e+01
3.851085662841796875e+01
3.851719665527343750e+01
3.852352905273437500e+01
3.852985763549804688e+01
3.853617477416992188e+01
3.854249954223632812e+01
3.854882431030273438e+01
3.855515670776367188e+01
3.856150436401367188e+01
3.856783676147460938e+01
3.857419204711914062e+01
3.858053207397460938e+01
3.858686447143554688e+01
3.859317779541015625e+01
3.859952545166015625e+01
3.860584640502929688e+01
3.861219024658203125e+01
3.861849212646484375e+01
3.862479019165039062e+01
3.863106536865234375e+01
3.863734054565429688e+01
3.864362716674804688e+01
3.864990615844726562e+01
3.865617370605468750e+01
3.866243362426757812e+01
3.866868209838867188e+01
3.867494201660156250e+01
3.868117523193359375e+01
3.868741226196289062e+01
3.869367599487304688e+01
3.869990539550781250e+01
3.870614624023437500e+01
3.871235275268554688e+01
3.871860885620117188e+01
3.872485351562500000e+01
3.873110580444335938e+01
3.873737716674804688e+01
3.874363708496093750e+01
3.874987030029296875e+01
3.875609970092773438e+01
3.876234054565429688e+01
3.876857376098632812e+01
3.877479934692382812e+01
3.878102874755859375e+01
3.878725814819335938e+01
3.879350662231445312e+01
3.879972076416015625e+01
3.880591583251953125e+01
3.881213378906250000e+01
3.881833648681640625e+01
3.882451629638671875e+01
3.883069610595703125e+01
3.883688735961914062e+01
3.884307098388671875e+01
3.884926223754882812e+01
3.885543823242187500e+01
3.886161804199218750e+01
3.886779022216796875e+01
3.887395095825195312e+01
3.888011169433593750e+01
3.888625717163085938e+01
3.889241790771484375e+01
3.889857482910156250e+01
3.890472412109375000e+01
3.891089248657226562e+01
3.891706466674804688e+01
3.892321395874023438e+01
3.892937469482421875e+01
3.893551254272460938e+01
3.894163894653320312e+01
3.894777679443359375e+01
3.895391845703125000e+01
3.896000671386718750e+01
3.896612930297851562e+01
3.897225952148437500e+01
3.897838592529296875e+01
3.898450851440429688e+01
3.899061584472656250e+01
3.899676132202148438e+01
3.900287246704101562e+01
3.900895309448242188e+01
3.901502227783203125e+01
3.902109909057617188e+01
3.902718353271484375e+01
3.903327560424804688e+01
3.903939437866210938e+01
3.904549407958984375e+01
3.905157470703125000e+01
3.905764389038085938e+01
3.906372451782226562e+01
3.906982803344726562e+01
3.907589721679687500e+01
3.908200836181640625e+01
3.908812713623046875e+01
3.909424591064453125e+01
3.910033035278320312e+01
3.910644149780273438e+01
3.911249542236328125e+01
3.911857223510742188e+01
3.912467193603515625e+01
3.913076019287109375e+01
3.913684844970703125e+01
3.914291381835937500e+01
3.914899826049804688e+01
3.915508270263671875e+01
3.916115188598632812e+01
3.916723251342773438e+01
3.917329406738281250e+01
3.917936325073242188e+01
3.918544006347656250e+01
3.919150543212890625e+01
3.919757843017578125e+01
3.920361328125000000e+01
3.920963668823242188e+01
3.921569061279296875e+01
3.922171401977539062e+01
3.922774505615234375e+01
3.923375701904296875e+01
3.923978424072265625e+01
3.924577331542968750e+01
3.925178909301757812e+01
3.925780105590820312e+01
3.926382064819335938e+01
3.926984786987304688e+01
3.927588653564453125e+01
3.928189468383789062e+01
3.928795623779296875e+01
3.929404067993164062e+01
3.930007553100585938e+01
3.930611419677734375e+01
3.931216430664062500e+01
3.931819152832031250e+01
3.932420730590820312e+01
3.933022308349609375e+01
3.933624649047851562e+01
3.934225845336914062e+01
3.934826278686523438e+01
3.935431671142578125e+01
3.936032485961914062e+01
3.936633300781250000e+01
3.937233352661132812e+01
3.937831497192382812e+01
3.938430786132812500e+01
3.939029693603515625e+01
3.939629745483398438e+01
3.940230560302734375e+01
3.940831375122070312e+01
3.941432571411132812e+01
3.942033386230468750e+01
3.942632675170898438e+01
3.943230438232421875e+01
3.943828201293945312e+01
3.944423294067382812e+01
3.945021820068359375e+01
3.945617294311523438e+01
3.946215820312500000e+01
3.946813964843750000e+01
3.947412872314453125e+01
3.948007965087890625e+01
3.948604583740234375e+01
3.949202728271484375e+01
3.949802398681640625e+01
3.950399780273437500e+01
3.950995635986328125e+01
3.951593017578125000e+01
3.952189254760742188e+01
3.952785491943359375e+01
3.953379440307617188e+01
3.953975677490234375e+01
3.954570007324218750e+01
3.955163955688476562e+01
3.955757141113281250e+01
3.956350326538085938e+01
3.956943893432617188e+01
3.957534027099609375e+01
3.958124923706054688e+01
3.958717346191406250e+01
3.959305953979492188e+01
3.959895706176757812e+01
3.960486602783203125e+01
3.961076736450195312e+01
3.961666488647460938e+01
3.962256240844726562e+01
3.962845993041992188e+01
3.963435745239257812e+01
3.964025497436523438e+01
3.964614105224609375e+01
3.965202713012695312e+01
3.965791320800781250e+01
3.966379547119140625e+01
3.966967010498046875e+01
3.967556381225585938e+01
3.968146896362304688e+01
3.968735122680664062e+01
3.969324111938476562e+01
3.969910812377929688e+01
3.970502471923828125e+01
3.971091842651367188e+01
3.971679687500000000e+01
3.972265625000000000e+01
3.972855758666992188e+01
3.973444366455078125e+01
3.974031829833984375e+01
3.974619293212890625e+01
3.975208282470703125e+01
3.975795364379882812e+01
3.976383590698242188e+01
3.976970291137695312e+01
3.977560043334960938e+01
3.978147888183593750e+01
3.978734588623046875e+01
3.979320526123046875e+01
3.979911041259765625e+01
3.980496597290039062e+01
3.981081008911132812e+01
3.981669616699218750e+01
3.982256317138671875e+01
3.982840347290039062e+01
3.983424758911132812e+01
3.984007644653320312e+01
3.984590530395507812e+01
3.985172653198242188e+01
3.985752868652343750e+01
3.986334991455078125e+01
3.986915588378906250e+01
3.987498092651367188e+01
3.988077926635742188e+01
3.988659667968750000e+01
3.989239120483398438e+01
3.989818954467773438e+01
3.990395736694335938e+01
3.990974807739257812e+01
3.991557312011718750e+01
3.992138671875000000e+01
3.992718505859375000e+01
3.993300247192382812e+01
3.993881225585937500e+01
3.994463348388671875e+01
3.995043563842773438e+01
3.995626068115234375e+01
3.996208572387695312e+01
3.996788787841796875e+01
3.997369384765625000e+01
3.997948837280273438e+01
3.998531341552734375e+01
3.999112701416015625e+01
3.999692535400390625e+01
4.000273895263671875e+01
4.000853729248046875e+01
4.001433944702148438e+01
4.002014541625976562e+01
4.002592468261718750e+01
4.003169631958007812e+01
4.003746032714843750e+01
4.004323196411132812e+01
4.004898452758789062e+01
4.005471801757812500e+01
4.006048965454101562e+01
4.006623840332031250e+01
4.007199096679687500e+01
4.007773208618164062e+01
4.008347320556640625e+01
4.008922576904296875e+01
4.009497451782226562e+01
4.010074615478515625e+01
4.010649490356445312e+01
4.011223220825195312e+01
4.011796188354492188e+01
4.012369537353515625e+01
4.012944412231445312e+01
4.013522720336914062e+01
4.014100265502929688e+01
4.014675903320312500e+01
4.015250778198242188e+01
4.015826034545898438e+01
4.016403198242187500e+01
4.016981506347656250e+01
4.017560577392578125e+01
4.018138885498046875e+01
4.018715286254882812e+01
4.019291687011718750e+01
4.019866561889648438e+01
4.020442962646484375e+01
4.021017074584960938e+01
4.021590805053710938e+01
4.022161865234375000e+01
4.022731399536132812e+01
4.023301315307617188e+01
4.023871231079101562e+01
4.024442672729492188e+01
4.025014495849609375e+01
4.025584793090820312e+01
4.026154708862304688e+01
4.026725006103515625e+01
4.027293014526367188e+01
4.027858352661132812e+01
4.028424453735351562e+01
4.028993988037109375e+01
4.029561614990234375e+01
4.030129241943359375e+01
4.030694198608398438e+01
4.031261062622070312e+01
4.031831359863281250e+01
4.032400131225585938e+01
4.032966995239257812e+01
4.033534240722656250e+01
4.034103393554687500e+01
4.034671020507812500e+01
4.035240554809570312e+01
4.035810470581054688e+01
4.036377334594726562e+01
4.036943817138671875e+01
4.037506484985351562e+01
4.038073730468750000e+01
4.038639831542968750e+01
4.039207839965820312e+01
4.039773178100585938e+01
4.040340423583984375e+01
4.040906524658203125e+01
4.041470336914062500e+01
4.042036819458007812e+01
4.042600631713867188e+01
4.043164443969726562e+01
4.043729400634765625e+01
4.044295120239257812e+01
4.044857788085937500e+01
4.045423126220703125e+01
4.045989227294921875e+01
4.046554565429687500e+01
4.047118759155273438e+01
4.047679519653320312e+01
4.048240280151367188e+01
4.048800277709960938e+01
4.049359893798828125e+01
4.049920272827148438e+01
4.050482940673828125e+01
4.051044464111328125e+01
4.051604843139648438e+01
4.052168273925781250e+01
4.052732849121093750e+01
4.053297042846679688e+01
4.053862762451171875e+01
4.054428100585937500e+01
4.054988098144531250e+01
4.055553436279296875e+01
4.056117248535156250e+01
4.056673812866210938e+01
4.057234191894531250e+01
4.057793807983398438e+01
4.058350753784179688e+01
4.058908462524414062e+01
4.059465408325195312e+01
4.060023117065429688e+01
4.060580444335937500e+01
4.061139678955078125e+01
4.061698532104492188e+01
4.062259674072265625e+01
4.062820434570312500e+01
4.063379669189453125e+01
4.063935089111328125e+01
4.064492416381835938e+01
4.065050125122070312e+01
4.065608215332031250e+01
4.066165161132812500e+01
4.066719818115234375e+01
4.067275238037109375e+01
4.067831420898437500e+01
4.068388366699218750e+01
4.068945312500000000e+01
4.069497299194335938e+01
4.070051956176757812e+01
4.070607376098632812e+01
4.071160888671875000e+01
4.071714019775390625e+01
4.072269058227539062e+01
4.072822189331054688e+01
4.073377609252929688e+01
4.073931503295898438e+01
4.074485397338867188e+01
4.075037384033203125e+01
4.075590133666992188e+01
4.076140594482421875e+01
4.076691818237304688e+01
4.077241897583007812e+01
4.077791976928710938e+01
4.078342437744140625e+01
4.078892898559570312e+01
4.079442214965820312e+01
4.079992294311523438e+01
4.080543899536132812e+01
4.081094360351562500e+01
4.081647109985351562e+01
4.082200241088867188e+01
4.082752990722656250e+01
4.083306121826171875e+01
4.083856964111328125e+01
4.084407043457031250e+01
4.084955978393554688e+01
4.085501861572265625e+01
4.086046981811523438e+01
4.086594390869140625e+01
4.087140655517578125e+01
4.087686920166015625e+01
4.088232421875000000e+01
4.088777542114257812e+01
4.089321136474609375e+01
4.089868164062500000e+01
4.090414047241210938e+01
4.090962600708007812e+01
4.091504669189453125e+01
4.092049789428710938e+01
4.092593765258789062e+01
4.093136978149414062e+01
4.093684768676757812e+01
4.094229888916015625e+01
4.094774627685546875e+01
4.095322799682617188e+01
4.095869064331054688e+01
4.096413040161132812e+01
4.096956253051757812e+01
4.097498321533203125e+01
4.098040008544921875e+01
4.098587036132812500e+01
4.099129867553710938e+01
4.099676895141601562e+01
4.100220489501953125e+01
4.100765609741210938e+01
4.101311111450195312e+01
4.101854705810546875e+01
4.102402496337890625e+01
4.102948379516601562e+01
4.103496932983398438e+01
4.104045486450195312e+01
4.104590225219726562e+01
4.105134963989257812e+01
4.105680084228515625e+01
4.106225204467773438e+01
4.106767654418945312e+01
4.107312774658203125e+01
4.107859039306640625e+01
4.108406448364257812e+01
4.108951187133789062e+01
4.109493255615234375e+01
4.110036468505859375e+01
4.110580062866210938e+01
4.111125183105468750e+01
4.111668777465820312e+01
4.112214279174804688e+01
4.112757873535156250e+01
4.113300704956054688e+01
4.113842010498046875e+01
4.114385986328125000e+01
4.114929199218750000e+01
4.115473556518554688e+01
4.116012573242187500e+01
4.116553878784179688e+01
4.117092895507812500e+01
4.117633438110351562e+01
4.118170547485351562e+01
4.118706893920898438e+01
4.119245147705078125e+01
4.119781875610351562e+01
4.120320129394531250e+01
4.120859146118164062e+01
4.121395874023437500e+01
4.121931838989257812e+01
4.122467041015625000e+01
4.123004531860351562e+01
4.123542404174804688e+01
4.124077224731445312e+01
4.124611663818359375e+01
4.125147247314453125e+01
4.125683212280273438e+01
4.126217269897460938e+01
4.126747512817382812e+01
4.127282714843750000e+01
4.127819442749023438e+01
4.128353118896484375e+01
4.128885650634765625e+01
4.129418945312500000e+01
4.129952239990234375e+01
4.130487060546875000e+01
4.131023406982421875e+01
4.131558609008789062e+01
4.132094955444335938e+01
4.132630538940429688e+01
4.133161926269531250e+01
4.133695602416992188e+01
4.134228897094726562e+01
4.134761810302734375e+01
4.135296249389648438e+01
4.135829162597656250e+01
4.136362075805664062e+01
4.136895751953125000e+01
4.137430572509765625e+01
4.137963867187500000e+01
4.138494110107421875e+01
4.139026260375976562e+01
4.139561462402343750e+01
4.140097808837890625e+01
4.140629959106445312e+01
4.141162109375000000e+01
4.141695022583007812e+01
4.142225646972656250e+01
4.142758560180664062e+01
4.143290710449218750e+01
4.143823242187500000e+01
4.144354248046875000e+01
4.144884109497070312e+01
4.145412445068359375e+01
4.145943450927734375e+01
4.146473312377929688e+01
4.147002792358398438e+01
4.147532653808593750e+01
4.148062515258789062e+01
4.148591232299804688e+01
4.149117660522460938e+01
4.149644088745117188e+01
4.150174331665039062e+01
4.150701522827148438e+01
4.151230621337890625e+01
4.151760101318359375e+01
4.152287292480468750e+01
4.152815246582031250e+01
4.153340148925781250e+01
4.153866577148437500e+01
4.154391098022460938e+01
4.154916763305664062e+01
4.155441284179687500e+01
4.155968856811523438e+01
4.156490707397460938e+01
4.157015609741210938e+01
4.157539749145507812e+01
4.158064270019531250e+01
4.158587646484375000e+01
4.159111785888671875e+01
4.159635925292968750e+01
4.160158157348632812e+01
4.160680389404296875e+01
4.161201477050781250e+01
4.161724090576171875e+01
4.162250137329101562e+01
4.162777328491210938e+01
4.163300704956054688e+01
4.163824081420898438e+01
4.164347457885742188e+01
4.164871215820312500e+01
4.165391921997070312e+01
4.165914154052734375e+01
4.166438293457031250e+01
4.166958236694335938e+01
4.167480087280273438e+01
4.168000411987304688e+01
4.168521499633789062e+01
4.169044494628906250e+01
4.169565582275390625e+01
4.170087432861328125e+01
4.170614242553710938e+01
4.171138000488281250e+01
4.171660232543945312e+01
4.172181320190429688e+01
4.172705078125000000e+01
4.173227691650390625e+01
4.173746871948242188e+01
4.174275588989257812e+01
4.174799346923828125e+01
4.175320816040039062e+01
4.175844573974609375e+01
4.176365661621093750e+01
4.176885604858398438e+01
4.177406692504882812e+01
4.177929306030273438e+01
4.178451919555664062e+01
4.178969573974609375e+01
4.179486083984375000e+01
4.180000305175781250e+01
4.180515289306640625e+01
4.181030273437500000e+01
4.181543731689453125e+01
4.182058715820312500e+01
4.182576751708984375e+01
4.183093261718750000e+01
4.183608627319335938e+01
4.184123611450195312e+01
4.184636688232421875e+01
4.185151672363281250e+01
4.185668563842773438e+01
4.186185073852539062e+01
4.186703109741210938e+01
4.187220382690429688e+01
4.187741088867187500e+01
4.188259887695312500e+01
4.188781356811523438e+01
4.189301681518554688e+01
4.189823150634765625e+01
4.190342712402343750e+01
4.190861129760742188e+01
4.191380691528320312e+01
4.191896438598632812e+01
4.192414474487304688e+01
4.192931747436523438e+01
4.193447494506835938e+01
4.193962097167968750e+01
4.194476699829101562e+01
4.194994354248046875e+01
4.195510101318359375e+01
4.196026992797851562e+01
4.196540069580078125e+01
4.197057342529296875e+01
4.197573089599609375e+01
4.198088073730468750e+01
4.198600769042968750e+01
4.199115371704101562e+01
4.199628829956054688e+01
4.200141525268554688e+01
4.200654983520507812e+01
4.201169586181640625e+01
4.201684951782226562e+01
4.202196502685546875e+01
4.202708816528320312e+01
4.203221130371093750e+01
4.203733062744140625e+01
4.204248046875000000e+01
4.204762268066406250e+01
4.205274581909179688e+01
4.205783462524414062e+01
4.206289672851562500e+01
4.206799316406250000e+01
4.207309722900390625e+01
4.207818984985351562e+01
4.208329391479492188e+01
4.208838653564453125e+01
4.209347152709960938e+01
4.209856033325195312e+01
4.210369110107421875e+01
4.210876464843750000e+01
4.211384582519531250e+01
4.211893463134765625e+01
4.212398147583007812e+01
4.212906646728515625e+01
4.213413619995117188e+01
4.213920974731445312e+01
4.214426040649414062e+01
4.214931488037109375e+01
4.215435791015625000e+01
4.215944290161132812e+01
4.216450881958007812e+01
4.216957092285156250e+01
4.217465209960937500e+01
4.217972183227539062e+01
4.218480682373046875e+01
4.218987274169921875e+01
4.219496917724609375e+01
4.220003890991210938e+01
4.220510482788085938e+01
4.221015930175781250e+01
4.221520614624023438e+01
4.222024154663085938e+01
4.222526550292968750e+01
4.223028945922851562e+01
4.223532485961914062e+01
4.224033737182617188e+01
4.224539184570312500e+01
4.225044631958007812e+01
4.225548171997070312e+01
4.226052856445312500e+01
4.226558303833007812e+01
4.227062606811523438e+01
4.227566528320312500e+01
4.228070068359375000e+01
4.228575134277343750e+01
4.229078674316406250e+01
4.229578781127929688e+01
4.230080032348632812e+01
4.230578994750976562e+01
4.231079101562500000e+01
4.231580734252929688e+01
4.232083129882812500e+01
4.232584381103515625e+01
4.233087539672851562e+01
4.233592605590820312e+01
4.234095764160156250e+01
4.234597015380859375e+01
4.235099792480468750e+01
4.235599517822265625e+01
4.236101150512695312e+01
4.236598968505859375e+01
4.237097167968750000e+01
4.237596511840820312e+01
4.238094711303710938e+01
4.238593673706054688e+01
4.239088058471679688e+01
4.239583969116210938e+01
4.240081024169921875e+01
4.240577697753906250e+01
4.241070938110351562e+01
