6.705536037543424754e-08
6.556523999279306736e-07
9.536761353956535459e-07
1.429711580276489258e-01
4.592941999435424805e-01
7.068792581558227539e-01
9.213864803314208984e-01
1.236208319664001465e+00
6.474437236785888672e+00
9.158323287963867188e+00
1.158287525177001953e+01
1.376949882507324219e+01
1.573952960968017578e+01
1.751526260375976562e+01
1.911405563354492188e+01
2.056251907348632812e+01
2.186758232116699219e+01
2.304415702819824219e+01
2.410447311401367188e+01
2.506045532226562500e+01
2.592155647277832031e+01
2.669714927673339844e+01
2.739553451538085938e+01
2.802423095703125000e+01
2.859017372131347656e+01
2.909949874877929688e+01
2.955775070190429688e+01
2.996998405456542969e+01
3.034077262878417969e+01
3.067429542541503906e+01
3.097419738769531250e+01
3.124394798278808594e+01
3.148648262023925781e+01
3.170450592041015625e+01
3.192192268371582031e+01
3.212024307250976562e+01
3.230495452880859375e+01
3.247605514526367188e+01
3.263385391235351562e+01
3.277887725830078125e+01
3.291170883178710938e+01
3.303301239013671875e+01
3.314355468750000000e+01
3.324404144287109375e+01
3.333520889282226562e+01
3.341774368286132812e+01
3.349236297607421875e+01
3.355968093872070312e+01
3.362036132812500000e+01
3.367494964599609375e+01
3.372398757934570312e+01
3.376797103881835938e+01
3.380733871459960938e+01
3.384256362915039062e+01
3.387400054931640625e+01
3.390201950073242188e+01
3.392691421508789062e+01
3.394897460937500000e+01
3.396849822998046875e+01
3.398570632934570312e+01
3.400085067749023438e+01
3.401400756835937500e+01
3.402554702758789062e+01
3.403538513183593750e+01
3.404393768310546875e+01
3.405125808715820312e+01
3.405741119384765625e+01
3.406261062622070312e+01
3.406689071655273438e+01
3.407033157348632812e+01
3.407304382324218750e+01
3.407508850097656250e+01
3.407653808593750000e+01
3.407747650146484375e+01
3.407788848876953125e+01
3.407786560058593750e+01
3.407748413085937500e+01
3.407674789428710938e+01
3.407571411132812500e+01
3.407439041137695312e+01
3.407279205322265625e+01
3.407096099853515625e+01
3.406893920898437500e+01
3.406674575805664062e+01
3.406440353393554688e+01
3.406187820434570312e+01
3.405923080444335938e+01
3.405645751953125000e+01
3.405363082885742188e+01
3.405075836181640625e+01
3.404780960083007812e+01
3.404478836059570312e+01
3.404169464111328125e+01
3.403853988647460938e+01
3.403532791137695312e+01
3.403204727172851562e+01
3.402873992919921875e+01
3.402538681030273438e+01
3.402196884155273438e+01
3.401861953735351562e+01
3.401529312133789062e+01
3.401198196411132812e+01
3.400867080688476562e+01
3.400530242919921875e+01
3.400196456909179688e+01
3.399857711791992188e+01
3.399517822265625000e+01
3.399177551269531250e+01
3.398833084106445312e+01
3.398487854003906250e+01
3.398134613037109375e+01
3.397783660888671875e+01
3.397428131103515625e+01
3.397072219848632812e+01
3.396713638305664062e+01
3.396356582641601562e+01
3.395996475219726562e+01
3.395632171630859375e+01
3.395266723632812500e+01
3.394902801513671875e+01
3.394533538818359375e+01
3.394163894653320312e+01
3.393795776367187500e+01
3.393424987792968750e+01
3.393051147460937500e+01
3.392691040039062500e+01
3.392322540283203125e+01
3.391952896118164062e+01
3.391577529907226562e+01
3.391204071044921875e+01
3.390827941894531250e+01
3.390452194213867188e+01
3.390073394775390625e+01
3.389697265625000000e+01
3.389318084716796875e+01
3.388941574096679688e+01
3.388566207885742188e+01
3.388190460205078125e+01
3.387810516357421875e+01
3.387433242797851562e+01
3.387053680419921875e+01
3.386674499511718750e+01
3.386294174194335938e+01
3.385908889770507812e+01
3.385528182983398438e+01
3.385145568847656250e+01
3.384763336181640625e+01
3.384384536743164062e+01
3.384008026123046875e+01
3.383630371093750000e+01
3.383255004882812500e+01
3.382879638671875000e+01
3.382506561279296875e+01
3.382132339477539062e+01
3.381759262084960938e+01
3.381386184692382812e+01
3.381013488769531250e+01
3.380643844604492188e+01
3.380273056030273438e+01
3.379901885986328125e+01
3.379534530639648438e+01
3.379167938232421875e+01
3.378799819946289062e+01
3.378431701660156250e+01
3.378060531616210938e+01
3.377688598632812500e+01
3.377319717407226562e+01
3.376949310302734375e+01
3.376577758789062500e+01
3.376205444335937500e+01
3.375834655761718750e+01
3.375463485717773438e+01
3.375091934204101562e+01
3.374721145629882812e+01
3.374350357055664062e+01
3.373981857299804688e+01
3.373613357543945312e+01
3.373247146606445312e+01
3.372879028320312500e+01
3.372513198852539062e+01
3.372146224975585938e+01
3.371779251098632812e+01
3.371412658691406250e+01
3.371049118041992188e+01
3.370684051513671875e+01
3.370317840576171875e+01
3.369952774047851562e+01
3.369586944580078125e+01
3.369219970703125000e+01
3.368853378295898438e+01
3.368489456176757812e+01
3.368123245239257812e+01
3.367754745483398438e+01
3.367386245727539062e+01
3.367017745971679688e+01
3.366650390625000000e+01
3.366284179687500000e+01
3.365915298461914062e+01
3.365559768676757812e+01
3.365198898315429688e+01
3.364834594726562500e+01
3.364471054077148438e+01
3.364107131958007812e+01
3.363742065429687500e+01
3.363379287719726562e+01
3.363016891479492188e+01
3.362649917602539062e+01
3.362285232543945312e+01
3.361918258666992188e+01
3.361552429199218750e+01
3.361185836791992188e+01
3.360820007324218750e+01
3.360453033447265625e+01
3.360087966918945312e+01
3.359720611572265625e+01
3.359355163574218750e+01
3.358990097045898438e+01
3.358627700805664062e+01
3.358264923095703125e+01
3.357900619506835938e+01
3.357533645629882812e+01
3.357172775268554688e+01
3.356808090209960938e+01
3.356447219848632812e+01
3.356085586547851562e+01
3.355723953247070312e+01
3.355360031127929688e+01
3.354999542236328125e+01
3.354635620117187500e+01
3.354272079467773438e+01
3.353907394409179688e+01
3.353545761108398438e+01
3.353175735473632812e+01
3.352806854248046875e+01
3.352441787719726562e+01
3.352076339721679688e+01
3.351707458496093750e+01
3.351342010498046875e+01
3.350973129272460938e+01
3.350609207153320312e+01
3.350244522094726562e+01
3.349874496459960938e+01
3.349511718750000000e+01
3.349148559570312500e+01
3.348785781860351562e+01
3.348421096801757812e+01
3.348055648803710938e+01
3.347692489624023438e+01
3.347329711914062500e+01
3.346968460083007812e+01
3.346605300903320312e+01
3.346241760253906250e+01
3.345885086059570312e+01
3.345524978637695312e+01
3.345164871215820312e+01
3.344805908203125000e+01
3.344445419311523438e+01
3.344086074829101562e+01
3.343722915649414062e+01
3.343367385864257812e+01
3.343006134033203125e+01
3.342649459838867188e+01
3.342290878295898438e+01
3.341930007934570312e+01
3.341572570800781250e+01
3.341213989257812500e+01
3.340853118896484375e+01
3.340494155883789062e+01
3.340134048461914062e+01
3.339774703979492188e+01
3.339416885375976562e+01
3.339060592651367188e+01
3.338702774047851562e+01
3.338345718383789062e+01
3.337989807128906250e+01
3.337633132934570312e+01
3.337281799316406250e+01
3.336927795410156250e+01
3.336573028564453125e+01
3.336217117309570312e+01
3.335860443115234375e+01
3.335501861572265625e+01
3.335145950317382812e+01
3.334788131713867188e+01
3.334432220458984375e+01
3.334077835083007812e+01
3.333721542358398438e+01
3.333366775512695312e+01
3.333013153076171875e+01
3.332662200927734375e+01
3.332309341430664062e+01
3.331959533691406250e+01
3.331608200073242188e+01
3.331250381469726562e+01
3.330897521972656250e+01
3.330535125732421875e+01
3.330177688598632812e+01
3.329824829101562500e+01
3.329471206665039062e+01
3.329116058349609375e+01
3.328760910034179688e+01
3.328404998779296875e+01
3.328049087524414062e+01
3.327695083618164062e+01
3.327340698242187500e+01
3.326982879638671875e+01
3.326627731323242188e+01
3.326272964477539062e+01
3.325918960571289062e+01
3.325563430786132812e+01
3.325208282470703125e+01
3.324851226806640625e+01
3.324491882324218750e+01
3.324132156372070312e+01
3.323770904541015625e+01
3.323413467407226562e+01
3.323055267333984375e+01
3.322699356079101562e+01
3.322343063354492188e+01
3.321984863281250000e+01
3.321625900268554688e+01
3.321266937255859375e+01
3.320910644531250000e+01
3.320555496215820312e+01
3.320196151733398438e+01
3.319838714599609375e+01
3.319482421875000000e+01
3.319119644165039062e+01
3.318762207031250000e+01
3.318405151367187500e+01
3.318049621582031250e+01
3.317691802978515625e+01
3.317331695556640625e+01
3.316988754272460938e+01
3.316636657714843750e+01
3.316291809082031250e+01
3.315945434570312500e+01
3.315594482421875000e+01
3.315245056152343750e+01
3.314894485473632812e+01
3.314544296264648438e+01
3.314194488525390625e+01
3.313843154907226562e+01
3.313490676879882812e+01
3.313135528564453125e+01
3.312780380249023438e+01
3.312425231933593750e+01
3.312071609497070312e+01
3.311717224121093750e+01
3.311365127563476562e+01
3.311012649536132812e+01
3.310659790039062500e+01
3.310303497314453125e+01
3.309951019287109375e+01
3.309598541259765625e+01
3.309244537353515625e+01
3.308892440795898438e+01
3.308539199829101562e+01
3.308189392089843750e+01
3.307833099365234375e+01
3.307482528686523438e+01
3.307126235961914062e+01
3.306772232055664062e+01
3.306417846679687500e+01
3.306065368652343750e+01
3.305712509155273438e+01
3.305355453491210938e+01
3.304998779296875000e+01
3.304645156860351562e+01
3.304292297363281250e+01
3.303936386108398438e+01
3.303582763671875000e+01
3.303230285644531250e+01
3.302877044677734375e+01
3.302529907226562500e+01
3.302190780639648438e+01
3.301856231689453125e+01
3.301534652709960938e+01
3.301210784912109375e+01
3.300883483886718750e+01
3.300558471679687500e+01
3.300232696533203125e+01
3.299898529052734375e+01
3.299565887451171875e+01
3.299232482910156250e+01
3.298898315429687500e+01
3.298561477661132812e+01
3.298223876953125000e+01
3.297888183593750000e+01
3.297550964355468750e+01
3.297210311889648438e+01
3.296872711181640625e+01
3.296532058715820312e+01
3.296187591552734375e+01
3.295843887329101562e+01
3.295502471923828125e+01
3.295154953002929688e+01
3.294811248779296875e+01
3.294463348388671875e+01
3.294113540649414062e+01
3.293762969970703125e+01
3.293412780761718750e+01
3.293062973022460938e+01
3.292719650268554688e+01
3.292372131347656250e+01
3.292023849487304688e+01
3.291676330566406250e+01
3.291329574584960938e+01
3.290980148315429688e+01
3.290636062622070312e+01
3.290288925170898438e+01
3.289941787719726562e+01
3.289593887329101562e+01
3.289242935180664062e+01
3.288893890380859375e+01
3.288547897338867188e+01
3.288199996948242188e+01
3.287848281860351562e+01
3.287496948242187500e+01
3.287144470214843750e+01
3.286793136596679688e+01
3.286443710327148438e+01
3.286093139648437500e+01
3.285742950439453125e+01
3.285395431518554688e+01
3.285048294067382812e+01
3.284701156616210938e+01
3.284354019165039062e+01
3.284008026123046875e+01
3.283662033081054688e+01
3.283319473266601562e+01
3.282974243164062500e+01
3.282629013061523438e+01
3.282284164428710938e+01
3.281938171386718750e+01
3.281593322753906250e+01
3.281248092651367188e+01
3.280903625488281250e+01
3.280561828613281250e+01
3.280213928222656250e+01
3.279875183105468750e+01
3.279533386230468750e+01
3.279182815551757812e+01
3.278837203979492188e+01
3.278493118286132812e+01
3.278149414062500000e+01
3.277804565429687500e+01
3.277450942993164062e+01
3.277103424072265625e+01
3.276756668090820312e+01
3.276409530639648438e+01
3.276064682006835938e+01
3.275717163085937500e+01
3.275368881225585938e+01
3.275025177001953125e+01
3.274680328369140625e+01
3.274334716796875000e+01
3.273994064331054688e+01
3.273655319213867188e+01
3.273316574096679688e+01
3.272972488403320312e+01
3.272628784179687500e+01
3.272284698486328125e+01
3.271941375732421875e+01
3.271597671508789062e+01
3.271253585815429688e+01
3.270909500122070312e+01
3.270564651489257812e+01
3.270218276977539062e+01
3.269872665405273438e+01
3.269525527954101562e+01
3.269178009033203125e+01
3.268828201293945312e+01
3.268479919433593750e+01
3.268130111694335938e+01
3.267779159545898438e+01
3.267431259155273438e+01
3.267076492309570312e+01
3.266728210449218750e+01
3.266381072998046875e+01
3.266031265258789062e+01
3.265682601928710938e+01
3.265335083007812500e+01
3.264984893798828125e+01
3.264636611938476562e+01
3.264287948608398438e+01
3.263938903808593750e+01
3.263594055175781250e+01
3.263247680664062500e+01
3.262899780273437500e+01
3.262553405761718750e+01
3.262206268310546875e+01
3.261862564086914062e+01
3.261521530151367188e+01
3.261185836791992188e+01
3.260844802856445312e+01
3.260510253906250000e+01
3.260171127319335938e+01
3.259833908081054688e+01
3.259494400024414062e+01
3.259159469604492188e+01
3.258822250366210938e+01
3.258482360839843750e+01
3.258143615722656250e+01
3.257804107666015625e+01
3.257463836669921875e+01
3.257122802734375000e+01
3.256784820556640625e+01
3.256443405151367188e+01
3.256100845336914062e+01
3.255758666992187500e+01
3.255420303344726562e+01
3.255081558227539062e+01
3.254743194580078125e+01
3.254404830932617188e+01
3.254071807861328125e+01
3.253734970092773438e+01
3.253394699096679688e+01
3.253057861328125000e+01
3.252721023559570312e+01
3.252381896972656250e+01
3.252048873901367188e+01
3.251722335815429688e+01
3.251399230957031250e+01
3.251078414916992188e+01
3.250757217407226562e+01
3.250436401367187500e+01
3.250119400024414062e+01
3.249802398681640625e+01
3.249483108520507812e+01
3.249161911010742188e+01
3.248849487304687500e+01
3.248535156250000000e+01
3.248215866088867188e+01
3.247896575927734375e+01
3.247575759887695312e+01
3.247251129150390625e+01
3.246926498413085938e+01
3.246598052978515625e+01
3.246270751953125000e+01
3.245939636230468750e+01
3.245608520507812500e+01
3.245275878906250000e+01
3.244942474365234375e+01
3.244615173339843750e+01
3.244282531738281250e+01
3.243947601318359375e+01
3.243614959716796875e+01
3.243279647827148438e+01
3.242938232421875000e+01
3.242596435546875000e+01
3.242259979248046875e+01
3.241922760009765625e+01
3.241579437255859375e+01
3.241240310668945312e+01
3.240900039672851562e+01
3.240562438964843750e+01
3.240220260620117188e+01
3.239880371093750000e+01
3.239530181884765625e+01
3.239188003540039062e+01
3.238846588134765625e+01
3.238508605957031250e+01
3.238168334960937500e+01
3.237825775146484375e+01
3.237479400634765625e+01
3.237139129638671875e+01
3.236800384521484375e+01
3.236461639404296875e+01
3.236122512817382812e+01
3.235784530639648438e+01
3.235447311401367188e+01
3.235108947753906250e+01
3.234770965576171875e+01
3.234432983398437500e+01
3.234094619750976562e+01
3.233755493164062500e+01
3.233413696289062500e+01
3.233068847656250000e+01
3.232724761962890625e+01
3.232384490966796875e+01
3.232040405273437500e+01
3.231700897216796875e+01
3.231365585327148438e+01
3.231022262573242188e+01
3.230683135986328125e+01
3.230341720581054688e+01
3.230002212524414062e+01
3.229663848876953125e+01
3.229323959350585938e+01
3.228987121582031250e+01
3.228648757934570312e+01
3.228311157226562500e+01
3.227973556518554688e+01
3.227635955810546875e+01
3.227297592163085938e+01
3.226957702636718750e+01
3.226620864868164062e+01
3.226284408569335938e+01
3.225952148437500000e+01
3.225614929199218750e+01
3.225278091430664062e+01
3.224940872192382812e+01
3.224605178833007812e+01
3.224267578125000000e+01
3.223930740356445312e+01
3.223593521118164062e+01
3.223254776000976562e+01
3.222916412353515625e+01
3.222579574584960938e+01
3.222246551513671875e+01
3.221912384033203125e+01
3.221577453613281250e+01
3.221241378784179688e+01
3.220904159545898438e+01
3.220565414428710938e+01
3.220231246948242188e+01
3.219895172119140625e+01
3.219539642333984375e+01
3.219197082519531250e+01
3.218854904174804688e+01
3.218511581420898438e+01
3.218166351318359375e+01
3.217824935913085938e+01
3.217483520507812500e+01
3.217143249511718750e+01
3.216800308227539062e+01
3.216461563110351562e+01
3.216119003295898438e+01
3.215778350830078125e+01
3.215437316894531250e+01
3.215093994140625000e+01
3.214754104614257812e+01
3.214412689208984375e+01
3.214076614379882812e+01
3.213738632202148438e+01
3.213399887084960938e+01
3.213063812255859375e+01
3.212726974487304688e+01
3.212390518188476562e+01
3.212057113647460938e+01
3.211723327636718750e+01
3.211391830444335938e+01
3.211058807373046875e+01
3.210725784301757812e+01
3.210392379760742188e+01
3.210058975219726562e+01
3.209723663330078125e+01
3.209389877319335938e+01
3.209050750732421875e+01
3.208714675903320312e+01
3.208381652832031250e+01
3.208048629760742188e+01
3.207715606689453125e+01
3.207380676269531250e+01
3.207046508789062500e+01
3.206713867187500000e+01
3.206378936767578125e+01
3.206041336059570312e+01
3.205707931518554688e+01
3.205379104614257812e+01
3.205047225952148438e+01
3.204714202880859375e+01
3.204382705688476562e+01
3.204053115844726562e+01
3.203716278076171875e+01
3.203385162353515625e+01
3.203049468994140625e+01
3.202712249755859375e+01
3.202374267578125000e+01
3.202035903930664062e+01
3.201696014404296875e+01
3.201356887817382812e+01
3.201015472412109375e+01
3.200675201416015625e+01
3.200338745117187500e+01
3.200002288818359375e+01
3.199664688110351562e+01
3.199326515197753906e+01
3.198988151550292969e+01
3.198650550842285156e+01
3.198312377929687500e+01
3.197977828979492188e+01
3.197641944885253906e+01
3.197304725646972656e+01
3.196968650817871094e+01
3.196635055541992188e+01
3.196300888061523438e+01
3.195968818664550781e+01
3.195633888244628906e+01
3.195296669006347656e+01
3.194960975646972656e+01
3.194626045227050781e+01
3.194291687011718750e+01
3.193961906433105469e+01
3.193628692626953125e+01
3.193296241760253906e+01
3.192967987060546875e+01
3.192639541625976562e+01
3.192310142517089844e+01
3.191973304748535156e+01
3.191640472412109375e+01
3.191307830810546875e+01
3.190976524353027344e+01
3.190643692016601562e+01
3.190316581726074219e+01
3.189988327026367188e+01
3.189658546447753906e+01
3.189317321777343750e+01
3.188983154296875000e+01
3.188644218444824219e+01
3.188308334350585938e+01
3.187975311279296875e+01
3.187643623352050781e+01
3.187311172485351562e+01
3.186982154846191406e+01
3.186651611328125000e+01
3.186318397521972656e+01
3.185985755920410156e+01
3.185655212402343750e+01
3.185324668884277344e+01
3.184995841979980469e+01
3.184667587280273438e+01
3.184338760375976562e+01
3.184009933471679688e+01
3.183680725097656250e+01
3.183348274230957031e+01
3.183015823364257812e+01
3.182683563232421875e+01
3.182351493835449219e+01
3.182017898559570312e+01
3.181685638427734375e+01
3.181353950500488281e+01
3.181024360656738281e+01
3.180697441101074219e+01
3.180362319946289062e+01
3.180034828186035156e+01
3.179701995849609375e+01
3.179372215270996094e+01
3.179040527343750000e+01
3.178711318969726562e+01
3.178382492065429688e+01
3.178051376342773438e+01
3.177719497680664062e+01
3.177389144897460938e+01
3.177048110961914062e+01
3.176714324951171875e+01
3.176381492614746094e+01
3.176048660278320312e+01
3.175716972351074219e+01
3.175387763977050781e+01
3.175056457519531250e+01
3.174724578857421875e+01
3.174390983581542969e+01
3.174058723449707031e+01
3.173729705810546875e+01
3.173399543762207031e+01
3.173066902160644531e+01
3.172737312316894531e+01
3.172406005859375000e+01
3.172074699401855469e+01
3.171742820739746094e+01
3.171412467956542969e+01
3.171081161499023438e+01
3.170754432678222656e+01
3.170417022705078125e+01
3.170085144042968750e+01
3.169752693176269531e+01
3.169420242309570312e+01
3.169090270996093750e+01
3.168756103515625000e+01
3.168422508239746094e+01
3.168093681335449219e+01
3.167765426635742188e+01
3.167436790466308594e+01
3.167106628417968750e+01
3.166778373718261719e+01
3.166447067260742188e+01
3.166118240356445312e+01
3.165788078308105469e+01
3.165456581115722656e+01
3.165128898620605469e+01
3.164799690246582031e+01
3.164474105834960938e+01
3.164149093627929688e+01
3.163821601867675781e+01
3.163494110107421875e+01
3.163167190551757812e+01
3.162837791442871094e+01
3.162506484985351562e+01
3.162176513671875000e+01
3.161846351623535156e+01
3.161517715454101562e+01
3.161188888549804688e+01
3.160859870910644531e+01
3.160531806945800781e+01
3.160198783874511719e+01
3.159865951538085938e+01
3.159535408020019531e+01
3.159206008911132812e+01
3.158878707885742188e+01
3.158551979064941406e+01
3.158219909667968750e+01
3.157886123657226562e+01
3.157556533813476562e+01
3.157223129272460938e+01
3.156890869140625000e+01
3.156561279296875000e+01
3.156235885620117188e+01
3.155908393859863281e+01
3.155582046508789062e+01
3.155250549316406250e+01
3.154918098449707031e+01
3.154587554931640625e+01
3.154257965087890625e+01
3.153925514221191406e+01
3.153595161437988281e+01
3.153265762329101562e+01
3.152934646606445312e+01
3.152606773376464844e+01
3.152278709411621094e+01
3.151954269409179688e+01
3.151626586914062500e+01
3.151294136047363281e+01
3.150961112976074219e+01
3.150632286071777344e+01
3.150299644470214844e+01
3.149970626831054688e+01
3.149637603759765625e+01
3.149306488037109375e+01
3.148977470397949219e+01
3.148646926879882812e+01
3.148314094543457031e+01
3.147982978820800781e+01
3.147654342651367188e+01
3.147327041625976562e+01
3.146998977661132812e+01
3.146671104431152344e+01
3.146346664428710938e+01
3.146019744873046875e+01
3.145691108703613281e+01
3.145363807678222656e+01
3.145036888122558594e+01
3.144708061218261719e+01
3.144378471374511719e+01
3.144048690795898438e+01
3.143720054626464844e+01
3.143390274047851562e+01
3.143064880371093750e+01
3.142738342285156250e+01
3.142410087585449219e+01
3.142082977294921875e+01
3.141754341125488281e+01
3.141427230834960938e+01
3.141100883483886719e+01
3.140774726867675781e+01
3.140448570251464844e+01
3.140122795104980469e+01
3.139798164367675781e+01
3.139473342895507812e+01
3.139143753051757812e+01
3.138817596435546875e+01
3.138490486145019531e+01
3.138164329528808594e+01
3.137839508056640625e+01
3.137512969970703125e+01
3.137186622619628906e+01
3.136860275268554688e+01
3.136533737182617188e+01
3.136208343505859375e+01
3.135886383056640625e+01
3.135560226440429688e+01
3.135232353210449219e+01
3.134905242919921875e+01
3.134575843811035156e+01
3.134245300292968750e+01
3.133908653259277344e+01
3.133574104309082031e+01
3.133240890502929688e+01
3.132909202575683594e+01
3.132579231262207031e+01
3.132249832153320312e+01
3.131917572021484375e+01
3.131588172912597656e+01
3.131261634826660156e+01
3.130934333801269531e+01
3.130603408813476562e+01
3.130273437500000000e+01
3.129944610595703125e+01
3.129614639282226562e+01
3.129286575317382812e+01
3.128956413269042969e+01
3.128626632690429688e+01
3.128299903869628906e+01
3.127971076965332031e+01
3.127641677856445312e+01
3.127313041687011719e+01
3.126977920532226562e+01
3.126647377014160156e+01
3.126321983337402344e+01
3.126000213623046875e+01
3.125676345825195312e+01
3.125353050231933594e+01
3.125029754638671875e+01
3.124705314636230469e+01
3.124381637573242188e+01
3.124055862426757812e+01
3.123737144470214844e+01
3.123415184020996094e+01
3.123097419738769531e+01
3.122779083251953125e+01
3.122456550598144531e+01
3.122133064270019531e+01
3.121812057495117188e+01
3.121485900878906250e+01
3.121160697937011719e+01
3.120840644836425781e+01
3.120518875122070312e+01
3.120198059082031250e+01
3.119877243041992188e+01
3.119555473327636719e+01
3.119234848022460938e+01
3.118914794921875000e+01
3.118577194213867188e+01
3.118246459960937500e+01
3.117918777465820312e+01
3.117588233947753906e+01
3.117259597778320312e+01
3.116934013366699219e+01
3.116608238220214844e+01
3.116282081604003906e+01
3.115956306457519531e+01
3.115630149841308594e+01
3.115306091308593750e+01
3.114980125427246094e+01
3.114656829833984375e+01
3.114335060119628906e+01
3.114010810852050781e+01
3.113691139221191406e+01
3.113369560241699219e+01
3.113049125671386719e+01
3.112727546691894531e+01
3.112406349182128906e+01
3.112084579467773438e+01
3.111763381958007812e+01
3.111438179016113281e+01
3.111116218566894531e+01
3.110796356201171875e+01
3.110476303100585938e+01
3.110157585144042969e+01
3.109836769104003906e+01
3.109510421752929688e+01
3.109186935424804688e+01
3.108860397338867188e+01
3.108536338806152344e+01
3.108207893371582031e+01
3.107884597778320312e+01
3.107563781738281250e+01
3.107238769531250000e+01
3.106913948059082031e+01
3.106590843200683594e+01
3.106268119812011719e+01
3.105942153930664062e+01
3.105618667602539062e+01
3.105296707153320312e+01
3.104972457885742188e+01
3.104652595520019531e+01
3.104331588745117188e+01
3.104011535644531250e+01
3.103692436218261719e+01
3.103372192382812500e+01
3.103047370910644531e+01
3.102728462219238281e+01
3.102408599853515625e+01
3.102087593078613281e+01
3.101768112182617188e+01
3.101446342468261719e+01
3.101128959655761719e+01
3.100810623168945312e+01
3.100489997863769531e+01
3.100168609619140625e+01
3.099847984313964844e+01
3.099528503417968750e+01
3.099205589294433594e+01
3.098885345458984375e+01
3.098577880859375000e+01
3.098276710510253906e+01
3.097977828979492188e+01
3.097676849365234375e+01
3.097377586364746094e+01
3.097078132629394531e+01
3.096776962280273438e+01
3.096476936340332031e+01
3.096175003051757812e+01
3.095872879028320312e+01
3.095573234558105469e+01
3.095270347595214844e+01
3.094966888427734375e+01
3.094664001464843750e+01
3.094360351562500000e+01
3.094051170349121094e+01
3.093744659423828125e+01
3.093437385559082031e+01
3.093127250671386719e+01
3.092818832397460938e+01
3.092509841918945312e+01
3.092199134826660156e+01
3.091889190673828125e+01
3.091576957702636719e+01
3.091266822814941406e+01
3.090951538085937500e+01
3.090636062622070312e+01
3.090323066711425781e+01
3.090008544921875000e+01
3.089691925048828125e+01
3.089375495910644531e+01
3.089058113098144531e+01
3.088739967346191406e+01
3.088423538208007812e+01
3.088107490539550781e+01
3.087789344787597656e+01
3.087468910217285156e+01
3.087145805358886719e+01
3.086822128295898438e+01
3.086499214172363281e+01
3.086175918579101562e+01
3.085856056213378906e+01
3.085537910461425781e+01
3.085215568542480469e+01
3.084887313842773438e+01
3.084566116333007812e+01
3.084246253967285156e+01
3.083926582336425781e+01
3.083605003356933594e+01
3.083285331726074219e+01
3.082967376708984375e+01
3.082646751403808594e+01
3.082326126098632812e+01
3.082005310058593750e+01
3.081684112548828125e+01
3.081364631652832031e+01
3.081043052673339844e+01
3.080723571777343750e+01
3.080403137207031250e+01
3.080082130432128906e+01
3.079766845703125000e+01
3.079449462890625000e+01
3.079130935668945312e+01
3.078814125061035156e+01
3.078499412536621094e+01
3.078186607360839844e+01
3.077872657775878906e+01
3.077556610107421875e+01
3.077239227294921875e+01
3.076920700073242188e+01
3.076606178283691406e+01
3.076294326782226562e+01
3.075977325439453125e+01
3.075658226013183594e+01
3.075343513488769531e+01
3.075027084350585938e+01
3.074712944030761719e+01
3.074396324157714844e+01
3.074080085754394531e+01
3.073758888244628906e+01
3.073445129394531250e+01
3.073134422302246094e+01
3.072821617126464844e+01
3.072508239746093750e+01
3.072190093994140625e+01
3.071873092651367188e+01
3.071557807922363281e+01
3.071241569519042969e+01
3.070923805236816406e+01
3.070607185363769531e+01
3.070290946960449219e+01
3.069973754882812500e+01
3.069669723510742188e+01
3.069357299804687500e+01
3.069046020507812500e+01
3.068734359741210938e+01
3.068421745300292969e+01
3.068109512329101562e+01
3.067794418334960938e+01
3.067479515075683594e+01
3.067165184020996094e+01
3.066845703125000000e+01
3.066530036926269531e+01
3.066213035583496094e+01
3.065894126892089844e+01
3.065574836730957031e+01
3.065255355834960938e+01
3.064937400817871094e+01
3.064621925354003906e+01
3.064305114746093750e+01
3.063991165161132812e+01
3.063676643371582031e+01
3.063365554809570312e+01
3.063052558898925781e+01
3.062738227844238281e+01
3.062422943115234375e+01
3.062107086181640625e+01
3.061791229248046875e+01
3.061478233337402344e+01
3.061163139343261719e+01
3.060846900939941406e+01
3.060530471801757812e+01
3.060210037231445312e+01
3.059891128540039062e+01
3.059576797485351562e+01
3.059261512756347656e+01
3.058948135375976562e+01
3.058635711669921875e+01
3.058337783813476562e+01
3.058028984069824219e+01
3.057718849182128906e+01
3.057409095764160156e+01
3.057100868225097656e+01
3.056790542602539062e+01
3.056480598449707031e+01
3.056167602539062500e+01
3.055854034423828125e+01
3.055538749694824219e+01
3.055225563049316406e+01
3.054913139343261719e+01
3.054601287841796875e+01
3.054288101196289062e+01
3.053979492187500000e+01
3.053670120239257812e+01
3.053361892700195312e+01
3.053051567077636719e+01
3.052743148803710938e+01
3.052434349060058594e+01
3.052123069763183594e+01
3.051814270019531250e+01
3.051503753662109375e+01
3.051195526123046875e+01
3.050883102416992188e+01
3.050569915771484375e+01
3.050256347656250000e+01
3.049943542480468750e+01
3.049629402160644531e+01
3.049315071105957031e+01
3.049003410339355469e+01
3.048687744140625000e+01
3.048367881774902344e+01
3.048049926757812500e+01
3.047731399536132812e+01
3.047412109375000000e+01
3.047093009948730469e+01
3.046771049499511719e+01
3.046453857421875000e+01
3.046138381958007812e+01
3.045821762084960938e+01
3.045502471923828125e+01
3.045192718505859375e+01
3.044888305664062500e+01
3.044585609436035156e+01
3.044285774230957031e+01
3.043988037109375000e+01
3.043691825866699219e+01
3.043387603759765625e+01
3.043088531494140625e+01
3.042787361145019531e+01
3.042482948303222656e+01
3.042186927795410156e+01
3.041886138916015625e+01
3.041582107543945312e+01
3.041278266906738281e+01
3.040973281860351562e+01
3.040665054321289062e+01
3.040357971191406250e+01
3.040049362182617188e+01
3.039739799499511719e+01
3.039427947998046875e+01
3.039118576049804688e+01
3.038808059692382812e+01
3.038494110107421875e+01
3.038181877136230469e+01
3.037870597839355469e+01
3.037558746337890625e+01
3.037246322631835938e+01
3.036931800842285156e+01
3.036615753173828125e+01
3.036301612854003906e+01
3.035984420776367188e+01
3.035666465759277344e+01
3.035347366333007812e+01
3.035030746459960938e+01
3.034714126586914062e+01
3.034399604797363281e+01
3.034083938598632812e+01
3.033768844604492188e+01
3.033453750610351562e+01
3.033147239685058594e+01
3.032835006713867188e+01
3.032523536682128906e+01
3.032212448120117188e+01
3.031900215148925781e+01
3.031588363647460938e+01
3.031277275085449219e+01
3.030969429016113281e+01
3.030658912658691406e+01
3.030352783203125000e+01
3.030044174194335938e+01
3.029731941223144531e+01
3.029422187805175781e+01
3.029112434387207031e+01
3.028801727294921875e+01
3.028489685058593750e+01
3.028177261352539062e+01
3.027860260009765625e+01
3.027548789978027344e+01
3.027235794067382812e+01
3.026922225952148438e+01
3.026607513427734375e+01
3.026295280456542969e+01
3.025976181030273438e+01
3.025658798217773438e+01
3.025340270996093750e+01
3.025024223327636719e+01
3.024708747863769531e+01
3.024395370483398438e+01
3.024080467224121094e+01
3.023767852783203125e+01
3.023457336425781250e+01
3.023144912719726562e+01
3.022832107543945312e+01
3.022520446777343750e+01
3.022208786010742188e+01
3.021899986267089844e+01
3.021589851379394531e+01
3.021280288696289062e+01
3.020967292785644531e+01
3.020657539367675781e+01
3.020343971252441406e+01
3.020031929016113281e+01
3.019721794128417969e+01
3.019409751892089844e+01
3.019097518920898438e+01
3.018786048889160156e+01
3.018474197387695312e+01
3.018161773681640625e+01
3.017850685119628906e+01
3.017540550231933594e+01
3.017229461669921875e+01
3.016918754577636719e+01
3.016608238220214844e+01
3.016298103332519531e+01
3.015985679626464844e+01
3.015677452087402344e+01
3.015365791320800781e+01
3.015053939819335938e+01
3.014745330810546875e+01
3.014430046081542969e+01
3.014116287231445312e+01
3.013804244995117188e+01
3.013493156433105469e+01
3.013181877136230469e+01
3.012866973876953125e+01
3.012554168701171875e+01
3.012241172790527344e+01
3.011928749084472656e+01
3.011614036560058594e+01
3.011301422119140625e+01
3.010988426208496094e+01
3.010681343078613281e+01
3.010371017456054688e+01
3.010061264038085938e+01
3.009749221801757812e+01
3.009440422058105469e+01
3.009127998352050781e+01
3.008814811706542969e+01
3.008506584167480469e+01
3.008195877075195312e+01
3.007881736755371094e+01
3.007568359375000000e+01
3.007255554199218750e+01
3.006941986083984375e+01
3.006630897521972656e+01
3.006323814392089844e+01
3.006013679504394531e+01
3.005702209472656250e+01
3.005394744873046875e+01
3.005084609985351562e+01
3.004775619506835938e+01
3.004462432861328125e+01
3.004151153564453125e+01
3.003841400146484375e+01
3.003528022766113281e+01
3.003214073181152344e+01
3.002900505065917969e+01
3.002594757080078125e+01
3.002280235290527344e+01
3.001968002319335938e+01
3.001655387878417969e+01
3.001342201232910156e+01
3.001034736633300781e+01
3.000728797912597656e+01
3.000419807434082031e+01
3.000112342834472656e+01
2.999801254272460938e+01
2.999492835998535156e+01
2.999184036254882812e+01
2.998877906799316406e+01
2.998573112487792969e+01
2.998269271850585938e+01
2.997961235046386719e+01
2.997650909423828125e+01
2.997340965270996094e+01
2.997027778625488281e+01
2.996714782714843750e+01
2.996401596069335938e+01
2.996087646484375000e+01
2.995775032043457031e+01
2.995461463928222656e+01
2.995151519775390625e+01
2.994840240478515625e+01
2.994528198242187500e+01
2.994217109680175781e+01
2.993908691406250000e+01
2.993599319458007812e+01
2.993286132812500000e+01
2.992973899841308594e+01
2.992666816711425781e+01
2.992357635498046875e+01
2.992048072814941406e+01
2.991736030578613281e+01
2.991427421569824219e+01
2.991113281250000000e+01
2.990801620483398438e+01
2.990490341186523438e+01
2.990176200866699219e+01
2.989863586425781250e+01
2.989550781250000000e+01
2.989237594604492188e+01
2.988924980163574219e+01
2.988611412048339844e+01
2.988300514221191406e+01
2.987988662719726562e+01
2.987675857543945312e+01
2.987365722656250000e+01
2.987055397033691406e+01
2.986744308471679688e+01
2.986432456970214844e+01
2.986122703552246094e+01
2.985816764831542969e+01
2.985507392883300781e+01
2.985199356079101562e+01
2.984887695312500000e+01
2.984578704833984375e+01
2.984268760681152344e+01
2.983951377868652344e+01
2.983638191223144531e+01
2.983326530456542969e+01
2.983012962341308594e+01
2.982695007324218750e+01
2.982381057739257812e+01
2.982069206237792969e+01
2.981755256652832031e+01
2.981441879272460938e+01
2.981128501892089844e+01
2.980817222595214844e+01
2.980507278442382812e+01
2.980193519592285156e+01
2.979882049560546875e+01
2.979571533203125000e+01
2.979257011413574219e+01
2.978946304321289062e+01
2.978634262084960938e+01
2.978320884704589844e+01
2.978005981445312500e+01
2.977695846557617188e+01
2.977387428283691406e+01
2.977075195312500000e+01
2.976764869689941406e+01
2.976434707641601562e+01
2.976116180419921875e+01
2.975799179077148438e+01
2.975482749938964844e+01
2.975168800354003906e+01
2.974854278564453125e+01
2.974540328979492188e+01
2.974229049682617188e+01
2.973917770385742188e+01
2.973607826232910156e+01
2.973298072814941406e+01
2.972989845275878906e+01
2.972680664062500000e+01
2.972374725341796875e+01
2.972065353393554688e+01
2.971755981445312500e+01
2.971448707580566406e+01
2.971144294738769531e+01
2.970840454101562500e+01
2.970532417297363281e+01
2.970226669311523438e+01
2.969918632507324219e+01
2.969610595703125000e+01
2.969300079345703125e+01
2.968990898132324219e+01
2.968683433532714844e+01
2.968375205993652344e+01
2.968068504333496094e+01
2.967761611938476562e+01
2.967455673217773438e+01
2.967148780822753906e+01
2.966842079162597656e+01
2.966534423828125000e+01
2.966227340698242188e+01
2.965918159484863281e+01
2.965612220764160156e+01
2.965305900573730469e+01
2.964998245239257812e+01
2.964693641662597656e+01
2.964388847351074219e+01
2.964081001281738281e+01
2.963771820068359375e+01
2.963463592529296875e+01
2.963157653808593750e+01
2.962849617004394531e+01
2.962540245056152344e+01
2.962233161926269531e+01
2.961924552917480469e+01
2.961618232727050781e+01
2.961314201354980469e+01
2.961011314392089844e+01
2.960709571838378906e+01
2.960413932800292969e+01
2.960116577148437500e+01
2.959818267822265625e+01
2.959518051147460938e+01
2.959218597412109375e+01
2.958921241760253906e+01
2.958612060546875000e+01
2.958310890197753906e+01
2.958004379272460938e+01
2.957701492309570312e+01
2.957401466369628906e+01
2.957096099853515625e+01
2.956794166564941406e+01
2.956491470336914062e+01
2.956182289123535156e+01
2.955876731872558594e+01
2.955577468872070312e+01
2.955275154113769531e+01
2.954971885681152344e+01
2.954669570922851562e+01
2.954366111755371094e+01
2.954061889648437500e+01
2.953758621215820312e+01
2.953453254699707031e+01
2.953146362304687500e+01
2.952838706970214844e+01
2.952531433105468750e+01
2.952224349975585938e+01
2.951912498474121094e+01
2.951608848571777344e+01
2.951308059692382812e+01
2.951004028320312500e+01
2.950709724426269531e+01
2.950412368774414062e+01
2.950114250183105469e+01
2.949829292297363281e+01
2.949535369873046875e+01
2.949240493774414062e+01
2.948943138122558594e+01
2.948649406433105469e+01
2.948350524902343750e+01
2.948051071166992188e+01
2.947756385803222656e+01
2.947458267211914062e+01
2.947160911560058594e+01
2.946860694885253906e+01
2.946561050415039062e+01
2.946262550354003906e+01
2.945961952209472656e+01
2.945655441284179688e+01
2.945352554321289062e+01
2.945051956176757812e+01
2.944751739501953125e+01
2.944450569152832031e+01
2.944149017333984375e+01
2.943845558166503906e+01
2.943540000915527344e+01
2.943235969543457031e+01
2.942935180664062500e+01
2.942627525329589844e+01
2.942326164245605469e+01
2.942024421691894531e+01
2.941722106933593750e+01
2.941420173645019531e+01
2.941115951538085938e+01
2.940811729431152344e+01
2.940507888793945312e+01
2.940202903747558594e+01
2.939897346496582031e+01
2.939596366882324219e+01
2.939293670654296875e+01
2.938989448547363281e+01
2.938683319091796875e+01
2.938376998901367188e+01
2.938073921203613281e+01
2.937767982482910156e+01
2.937463569641113281e+01
2.937157630920410156e+01
2.936854553222656250e+01
2.936550903320312500e+01
2.936249542236328125e+01
2.935947990417480469e+01
2.935645675659179688e+01
2.935344505310058594e+01
2.935041999816894531e+01
2.934738159179687500e+01
2.934435081481933594e+01
2.934136199951171875e+01
2.933838081359863281e+01
2.933540344238281250e+01
2.933241462707519531e+01
2.932942771911621094e+01
2.932641029357910156e+01
2.932339477539062500e+01
2.932040214538574219e+01
2.931740188598632812e+01
2.931439590454101562e+01
2.931140136718750000e+01
2.930840873718261719e+01
2.930541610717773438e+01
2.930239295959472656e+01
2.929937362670898438e+01
2.929630661010742188e+01
2.929327011108398438e+01
2.929018592834472656e+01
2.928712463378906250e+01
2.928407478332519531e+01
2.928104019165039062e+01
2.927802085876464844e+01
2.927502059936523438e+01
2.927194213867187500e+01
2.926892662048339844e+01
2.926589965820312500e+01
2.926286125183105469e+01
2.925981330871582031e+01
2.925678443908691406e+01
2.925374984741210938e+01
2.925073051452636719e+01
2.924773979187011719e+01
2.924475860595703125e+01
2.924177169799804688e+01
2.923878097534179688e+01
2.923583412170410156e+01
2.923286247253417969e+01
2.922990608215332031e+01
2.922692298889160156e+01
2.922391319274902344e+01
2.922095108032226562e+01
2.921797943115234375e+01
2.921502685546875000e+01
2.921201515197753906e+01
2.920902442932128906e+01
2.920604896545410156e+01
2.920307159423828125e+01
2.920010185241699219e+01
2.919713020324707031e+01
2.919416236877441406e+01
2.919118309020996094e+01
2.918819046020507812e+01
2.918519973754882812e+01
2.918223953247070312e+01
2.917916870117187500e+01
2.917614173889160156e+01
2.917313003540039062e+01
2.917012023925781250e+01
2.916710090637207031e+01
2.916408538818359375e+01
2.916107368469238281e+01
2.915806198120117188e+01
2.915505409240722656e+01
2.915202713012695312e+01
2.914900016784667969e+01
2.914600372314453125e+01
2.914301300048828125e+01
2.914001083374023438e+01
2.913702392578125000e+01
2.913401031494140625e+01
2.913105201721191406e+01
2.912808799743652344e+01
2.912512207031250000e+01
2.912213897705078125e+01
2.911918258666992188e+01
2.911622238159179688e+01
2.911325073242187500e+01
2.911031723022460938e+01
2.910736083984375000e+01
2.910441398620605469e+01
2.910145759582519531e+01
2.909850692749023438e+01
2.909553718566894531e+01
2.909256744384765625e+01
2.908961296081542969e+01
2.908661460876464844e+01
2.908360290527343750e+01
2.908062171936035156e+01
2.907762908935546875e+01
2.907466697692871094e+01
2.907170867919921875e+01
2.906874465942382812e+01
2.906578826904296875e+01
2.906282234191894531e+01
2.905987167358398438e+01
2.905690956115722656e+01
2.905393218994140625e+01
2.905095672607421875e+01
2.904795265197753906e+01
2.904497718811035156e+01
2.904202270507812500e+01
2.903906822204589844e+01
2.903610992431640625e+01
2.903312873840332031e+01
2.903017807006835938e+01
2.902720832824707031e+01
2.902424430847167969e+01
2.902128028869628906e+01
2.901830863952636719e+01
2.901531410217285156e+01
2.901231002807617188e+01
2.900927734375000000e+01
2.900626564025878906e+01
2.900325202941894531e+01
2.900023651123046875e+01
2.899719619750976562e+01
2.899417495727539062e+01
2.899115562438964844e+01
2.898808288574218750e+01
2.898504066467285156e+01
2.898200416564941406e+01
2.897896575927734375e+01
2.897595024108886719e+01
2.897291374206542969e+01
2.896989440917968750e+01
2.896686553955078125e+01
2.896385765075683594e+01
2.896085357666015625e+01
2.895778083801269531e+01
2.895473480224609375e+01
2.895172691345214844e+01
2.894871520996093750e+01
2.894572067260742188e+01
2.894269561767578125e+01
2.893966674804687500e+01
2.893666458129882812e+01
2.893365859985351562e+01
2.893071556091308594e+01
2.892769813537597656e+01
2.892469024658203125e+01
2.892167663574218750e+01
2.891866111755371094e+01
2.891568183898925781e+01
2.891269683837890625e+01
2.890976715087890625e+01
2.890677261352539062e+01
2.890376281738281250e+01
2.890077209472656250e+01
2.889780426025390625e+01
2.889480781555175781e+01
2.889182281494140625e+01
2.888883209228515625e+01
2.888585090637207031e+01
2.888271903991699219e+01
2.887968826293945312e+01
2.887666893005371094e+01
2.887363243103027344e+01
2.887061119079589844e+01
2.886759757995605469e+01
2.886462402343750000e+01
2.886163139343261719e+01
2.885862922668457031e+01
2.885564994812011719e+01
2.885266876220703125e+01
2.884975624084472656e+01
2.884680557250976562e+01
2.884384536743164062e+01
2.884089660644531250e+01
2.883795547485351562e+01
2.883500862121582031e+01
2.883204078674316406e+01
2.882910537719726562e+01
2.882615089416503906e+01
2.882318687438964844e+01
2.882024383544921875e+01
2.881730270385742188e+01
2.881436157226562500e+01
2.881142425537109375e+01
2.880850410461425781e+01
2.880557060241699219e+01
2.880262756347656250e+01
2.879972267150878906e+01
2.879679298400878906e+01
2.879388046264648438e+01
2.879096603393554688e+01
2.878798675537109375e+01
2.878506088256835938e+01
2.878212356567382812e+01
2.877919197082519531e+01
2.877626037597656250e+01
2.877331352233886719e+01
2.877040100097656250e+01
2.876747131347656250e+01
2.876455307006835938e+01
2.876160240173339844e+01
2.875865936279296875e+01
2.875573348999023438e+01
2.875282478332519531e+01
2.874991989135742188e+01
2.874701881408691406e+01
2.874411773681640625e+01
2.874122047424316406e+01
2.873827743530273438e+01
2.873535919189453125e+01
2.873241996765136719e+01
2.872946548461914062e+01
2.872652626037597656e+01
2.872362518310546875e+01
2.872069549560546875e+01
2.871777725219726562e+01
2.871486091613769531e+01
2.871193313598632812e+01
2.870899772644042969e+01
2.870605468750000000e+01
2.870311927795410156e+01
2.870016670227050781e+01
2.869721984863281250e+01
2.869430160522460938e+01
2.869138908386230469e+01
2.868846321105957031e+01
2.868554306030273438e+01
2.868259048461914062e+01
2.867964935302734375e+01
2.867672157287597656e+01
2.867379951477050781e+01
2.867087173461914062e+01
2.866794586181640625e+01
2.866498756408691406e+01
2.866205215454101562e+01
2.865908813476562500e+01
2.865613555908203125e+01
2.865320014953613281e+01
2.865026092529296875e+01
2.864731407165527344e+01
2.864439201354980469e+01
2.864148712158203125e+01
2.863858032226562500e+01
2.863564872741699219e+01
2.863273239135742188e+01
2.862978553771972656e+01
2.862685203552246094e+01
2.862389945983886719e+01
2.862095642089843750e+01
2.861801910400390625e+01
2.861510658264160156e+01
2.861216926574707031e+01
2.860922241210937500e+01
2.860628509521484375e+01
2.860336494445800781e+01
2.860043716430664062e+01
2.859750747680664062e+01
2.859454917907714844e+01
2.859158706665039062e+01
2.858861923217773438e+01
2.858566284179687500e+01
2.858273696899414062e+01
2.857975578308105469e+01
2.857678222656250000e+01
2.857382202148437500e+01
2.857084465026855469e+01
2.856787109375000000e+01
2.856495094299316406e+01
2.856201934814453125e+01
2.855908966064453125e+01
2.855616188049316406e+01
2.855323410034179688e+01
2.855030632019042969e+01
2.854737663269042969e+01
2.854442214965820312e+01
2.854144096374511719e+01
2.853848075866699219e+01
2.853552436828613281e+01
2.853260993957519531e+01
2.852965545654296875e+01
2.852670860290527344e+01
2.852375411987304688e+01
2.852082443237304688e+01
2.851790046691894531e+01
2.851497840881347656e+01
2.851203536987304688e+01
2.850908470153808594e+01
2.850613403320312500e+01
2.850320434570312500e+01
2.850028038024902344e+01
2.849736595153808594e+01
2.849441719055175781e+01
2.849148178100585938e+01
2.848855590820312500e+01
2.848561477661132812e+01
2.848268127441406250e+01
2.847975730895996094e+01
2.847685241699218750e+01
2.847395324707031250e+01
2.847103691101074219e+01
2.846812629699707031e+01
2.846521949768066406e+01
2.846230697631835938e+01
2.845940017700195312e+01
2.845646286010742188e+01
2.845354461669921875e+01
2.845062446594238281e+01
2.844769668579101562e+01
2.844476509094238281e+01
2.844183158874511719e+01
2.843889427185058594e+01
2.843595123291015625e+01
2.843298530578613281e+01
2.843003845214843750e+01
2.842715263366699219e+01
2.842422103881835938e+01
2.842128753662109375e+01
2.841834259033203125e+01
2.841541481018066406e+01
2.841251945495605469e+01
2.840962791442871094e+01
2.840668106079101562e+01
2.840377426147460938e+01
2.840085983276367188e+01
2.839795112609863281e+01
2.839502716064453125e+01
2.839212036132812500e+01
2.838920021057128906e+01
2.838628959655761719e+01
2.838339805603027344e+01
2.838049125671386719e+01
2.837763214111328125e+01
2.837475776672363281e+01
2.837186241149902344e+01
2.836898040771484375e+01
2.836600685119628906e+01
2.836309242248535156e+01
2.836019325256347656e+01
2.835728454589843750e+01
2.835441589355468750e+01
2.835151290893554688e+01
2.834862899780273438e+01
2.834575080871582031e+01
2.834287071228027344e+01
2.833997726440429688e+01
2.833710098266601562e+01
2.833426094055175781e+01
2.833138656616210938e+01
2.832854270935058594e+01
2.832568740844726562e+01
2.832279014587402344e+01
2.831992149353027344e+01
2.831704902648925781e+01
2.831415367126464844e+01
2.831125831604003906e+01
2.830836296081542969e+01
2.830548477172851562e+01
2.830257225036621094e+01
2.829969596862792969e+01
2.829680442810058594e+01
2.829391860961914062e+01
2.829103279113769531e+01
2.828813171386718750e+01
2.828523063659667969e+01
2.828232765197753906e+01
2.827940940856933594e+01
2.827649497985839844e+01
2.827357292175292969e+01
2.827065849304199219e+01
2.826774597167968750e+01
2.826483345031738281e+01
2.826192283630371094e+01
2.825906181335449219e+01
2.825624847412109375e+01
2.825340843200683594e+01
2.825060462951660156e+01
2.824780464172363281e+01
2.824494552612304688e+01
2.824211883544921875e+01
2.823928833007812500e+01
2.823645591735839844e+01
2.823364639282226562e+01
2.823081779479980469e+01
2.822795104980468750e+01
2.822510910034179688e+01
2.822222900390625000e+01
2.821938323974609375e+01
2.821651077270507812e+01
2.821365356445312500e+01
2.821075439453125000e+01
2.820787429809570312e+01
2.820496940612792969e+01
2.820210075378417969e+01
2.819923973083496094e+01
2.819631576538085938e+01
2.819342994689941406e+01
2.819047737121582031e+01
2.818754196166992188e+01
2.818462562561035156e+01
2.818171119689941406e+01
2.817880249023437500e+01
2.817592811584472656e+01
2.817306327819824219e+01
2.817014312744140625e+01
2.816721534729003906e+01
2.816431236267089844e+01
2.816140365600585938e+01
2.815844726562500000e+01
2.815550804138183594e+01
2.815258216857910156e+01
2.814965629577636719e+01
2.814678001403808594e+01
2.814389419555664062e+01
2.814101409912109375e+01
2.813812828063964844e+01
2.813516616821289062e+01
2.813222122192382812e+01
2.812929725646972656e+01
2.812637710571289062e+01
2.812348937988281250e+01
2.812058639526367188e+01
2.811770629882812500e+01
2.811482238769531250e+01
2.811193466186523438e+01
2.810902976989746094e+01
2.810609626770019531e+01
2.810317993164062500e+01
2.810027503967285156e+01
2.809738540649414062e+01
2.809448242187500000e+01
2.809158515930175781e+01
2.808870506286621094e+01
2.808584976196289062e+01
2.808295822143554688e+01
2.808006858825683594e+01
2.807719612121582031e+01
2.807431602478027344e+01
2.807146644592285156e+01
2.806866645812988281e+01
2.806579589843750000e+01
2.806288719177246094e+01
2.806003379821777344e+01
2.805720329284667969e+01
2.805436515808105469e+01
2.805152702331542969e+01
2.804867935180664062e+01
2.804582214355468750e+01
2.804299736022949219e+01
2.804015159606933594e+01
2.803730583190917969e+01
2.803446769714355469e+01
2.803166007995605469e+01
2.802883338928222656e+01
2.802602195739746094e+01
2.802318763732910156e+01
2.802035903930664062e+01
2.801753044128417969e+01
2.801468467712402344e+01
2.801182937622070312e+01
2.800897216796875000e+01
2.800610160827636719e+01
2.800324630737304688e+01
2.800037574768066406e+01
2.799749374389648438e+01
2.799458503723144531e+01
2.799169158935546875e+01
2.798884582519531250e+01
2.798596382141113281e+01
2.798309326171875000e+01
2.798014068603515625e+01
2.797725486755371094e+01
2.797439193725585938e+01
2.797150421142578125e+01
2.796865081787109375e+01
2.796577262878417969e+01
2.796288871765136719e+01
2.796001625061035156e+01
2.795715141296386719e+01
2.795425415039062500e+01
2.795136451721191406e+01
2.794848823547363281e+01
2.794563293457031250e+01
2.794280433654785156e+01
2.793993568420410156e+01
2.793709373474121094e+01
2.793425750732421875e+01
2.793142318725585938e+01
2.792849922180175781e+01
2.792559814453125000e+01
2.792276954650878906e+01
2.791991996765136719e+01
2.791713333129882812e+01
2.791430854797363281e+01
2.791147804260253906e+01
2.790868949890136719e+01
2.790586090087890625e+01
2.790303993225097656e+01
2.790021133422851562e+01
2.789737319946289062e+01
2.789451026916503906e+01
2.789166259765625000e+01
2.788880157470703125e+01
2.788593864440917969e+01
2.788307762145996094e+01
2.788021850585937500e+01
2.787737846374511719e+01
2.787452697753906250e+01
2.787162208557128906e+01
2.786873435974121094e+01
2.786585617065429688e+01
2.786293601989746094e+01
2.786006355285644531e+01
2.785720825195312500e+01
2.785434532165527344e+01
2.785150527954101562e+01
2.784865188598632812e+01
2.784580993652343750e+01
2.784296607971191406e+01
2.784014511108398438e+01
2.783730697631835938e+01
2.783450317382812500e+01
2.783172035217285156e+01
2.782892036437988281e+01
2.782613563537597656e+01
2.782335281372070312e+01
2.782054328918457031e+01
2.781773757934570312e+01
2.781492424011230469e+01
2.781212234497070312e+01
2.780929946899414062e+01
2.780648040771484375e+01
2.780368804931640625e+01
2.780091094970703125e+01
2.779812240600585938e+01
2.779533004760742188e+01
2.779255104064941406e+01
2.778972434997558594e+01
2.778692626953125000e+01
2.778410339355468750e+01
2.778133201599121094e+01
2.777854919433593750e+01
2.777578163146972656e+01
2.777298545837402344e+01
2.777017974853515625e+01
2.776737976074218750e+01
2.776455497741699219e+01
2.776169586181640625e+01
2.775887680053710938e+01
2.775604057312011719e+01
2.775320053100585938e+01
2.775032043457031250e+01
2.774746894836425781e+01
2.774462127685546875e+01
2.774177742004394531e+01
2.773892593383789062e+01
2.773606491088867188e+01
2.773320579528808594e+01
2.773035430908203125e+01
2.772753715515136719e+01
2.772472572326660156e+01
2.772188949584960938e+01
2.771911811828613281e+01
2.771630287170410156e+01
2.771347236633300781e+01
2.771070480346679688e+01
2.770788002014160156e+01
2.770508384704589844e+01
2.770223617553710938e+01
2.769939041137695312e+01
2.769655036926269531e+01
2.769369697570800781e+01
2.769089508056640625e+01
2.768807411193847656e+01
2.768523979187011719e+01
2.768240547180175781e+01
2.767958641052246094e+01
2.767675399780273438e+01
2.767391777038574219e+01
2.767105484008789062e+01
2.766816139221191406e+01
2.766529273986816406e+01
2.766241455078125000e+01
2.765953826904296875e+01
2.765665817260742188e+01
2.765378570556640625e+01
2.765091133117675781e+01
2.764818191528320312e+01
2.764536857604980469e+01
2.764257049560546875e+01
2.763976287841796875e+01
2.763694953918457031e+01
2.763412857055664062e+01
2.763128471374511719e+01
2.762844848632812500e+01
2.762560272216796875e+01
2.762274551391601562e+01
2.761988830566406250e+01
2.761703109741210938e+01
2.761417770385742188e+01
2.761133193969726562e+01
2.760849571228027344e+01
2.760565567016601562e+01
2.760284042358398438e+01
2.760003662109375000e+01
2.759719467163085938e+01
2.759435844421386719e+01
2.759149169921875000e+01
2.758863639831542969e+01
2.758581733703613281e+01
2.758302879333496094e+01
2.758017158508300781e+01
2.757735061645507812e+01
2.757456207275390625e+01
2.757177734375000000e+01
2.756893730163574219e+01
2.756610870361328125e+01
2.756334114074707031e+01
2.756054496765136719e+01
2.755775833129882812e+01
2.755498313903808594e+01
2.755218315124511719e+01
2.754938507080078125e+01
2.754656410217285156e+01
2.754374885559082031e+01
2.754095458984375000e+01
2.753812408447265625e+01
2.753530883789062500e+01
2.753250122070312500e+01
2.752974319458007812e+01
2.752694892883300781e+01
2.752415657043457031e+01
2.752156639099121094e+01
2.751887130737304688e+01
2.751618003845214844e+01
2.751349639892578125e+01
2.751081085205078125e+01
2.750808334350585938e+01
2.750536727905273438e+01
2.750263786315917969e+01
2.749992942810058594e+01
2.749717140197753906e+01
2.749445343017578125e+01
2.749172401428222656e+01
2.748906135559082031e+01
2.748634529113769531e+01
2.748360252380371094e+01
2.748085784912109375e+01
2.747811126708984375e+01
2.747536087036132812e+01
2.747259330749511719e+01
2.746980857849121094e+01
2.746698951721191406e+01
2.746421813964843750e+01
2.746140861511230469e+01
2.745860290527343750e+01
2.745578765869140625e+01
2.745295906066894531e+01
2.745014381408691406e+01
2.744733428955078125e+01
2.744452667236328125e+01
2.744170570373535156e+01
2.743888282775878906e+01
2.743606758117675781e+01
2.743322944641113281e+01
2.743043327331542969e+01
2.742761230468750000e+01
2.742481231689453125e+01
2.742200469970703125e+01
2.741919517517089844e+01
2.741636657714843750e+01
2.741355133056640625e+01
2.741070938110351562e+01
2.740787506103515625e+01
2.740505599975585938e+01
2.740222549438476562e+01
2.739939498901367188e+01
2.739659118652343750e+01
2.739377593994140625e+01
2.739096832275390625e+01
2.738814353942871094e+01
2.738533973693847656e+01
2.738252449035644531e+01
2.737970352172851562e+01
2.737687301635742188e+01
2.737405967712402344e+01
2.737136459350585938e+01
2.736858558654785156e+01
2.736583900451660156e+01
2.736310005187988281e+01
2.736032485961914062e+01
2.735752296447753906e+01
2.735477447509765625e+01
2.735199737548828125e+01
2.734920883178710938e+01
2.734646606445312500e+01
2.734369659423828125e+01
2.734092712402343750e+01
2.733814430236816406e+01
2.733535385131835938e+01
2.733257675170898438e+01
2.732980155944824219e+01
2.732699966430664062e+01
2.732421684265136719e+01
2.732141113281250000e+01
2.731860733032226562e+01
2.731579589843750000e+01
2.731301689147949219e+01
2.731021308898925781e+01
2.730739974975585938e+01
2.730460166931152344e+01
2.730180358886718750e+01
2.729900169372558594e+01
2.729617118835449219e+01
2.729331016540527344e+01
2.729046630859375000e+01
2.728764915466308594e+01
2.728480720520019531e+01
2.728194999694824219e+01
2.727910423278808594e+01
2.727627182006835938e+01
2.727346038818359375e+01
2.727064514160156250e+01
2.726780891418457031e+01
2.726496696472167969e+01
2.726213455200195312e+01
2.725930595397949219e+01
2.725652122497558594e+01
2.725369071960449219e+01
2.725086975097656250e+01
2.724804115295410156e+01
2.724523162841796875e+01
2.724239730834960938e+01
2.723959350585937500e+01
2.723679351806640625e+01
2.723399734497070312e+01
2.723122024536132812e+01
2.722841072082519531e+01
2.722564506530761719e+01
2.722286415100097656e+01
2.722013092041015625e+01
2.721735763549804688e+01
2.721459579467773438e+01
2.721186065673828125e+01
2.720913696289062500e+01
2.720639991760253906e+01
2.720365142822265625e+01
2.720092010498046875e+01
2.719822120666503906e+01
2.719550895690917969e+01
2.719279670715332031e+01
2.719010543823242188e+01
2.718740272521972656e+01
2.718469810485839844e+01
2.718201065063476562e+01
2.717932128906250000e+01
2.717661857604980469e+01
2.717390632629394531e+01
2.717120361328125000e+01
2.716850852966308594e+01
2.716577148437500000e+01
2.716302490234375000e+01
2.716031074523925781e+01
2.715757179260253906e+01
2.715477180480957031e+01
2.715203475952148438e+01
2.714927291870117188e+01
2.714649581909179688e+01
2.714369583129882812e+01
2.714089965820312500e+01
2.713817405700683594e+01
2.713542366027832031e+01
2.713264846801757812e+01
2.712989234924316406e+01
2.712714004516601562e+01
2.712439155578613281e+01
2.712162971496582031e+01
2.711889457702636719e+01
2.711614799499511719e+01
2.711340332031250000e+01
2.711061477661132812e+01
2.710785675048828125e+01
2.710511589050292969e+01
2.710239410400390625e+01
2.709962081909179688e+01
2.709685897827148438e+01
2.709408950805664062e+01
2.709132766723632812e+01
2.708856964111328125e+01
2.708578491210937500e+01
2.708302688598632812e+01
2.708025550842285156e+01
2.707746696472167969e+01
2.707466125488281250e+01
2.707190704345703125e+01
2.706912803649902344e+01
2.706637382507324219e+01
2.706363487243652344e+01
2.706087875366210938e+01
2.705812835693359375e+01
2.705534172058105469e+01
2.705254936218261719e+01
2.704976654052734375e+01
2.704697227478027344e+01
2.704421997070312500e+01
2.704146385192871094e+01
2.703872489929199219e+01
2.703595733642578125e+01
2.703325653076171875e+01
2.703052330017089844e+01
2.702779579162597656e+01
2.702506256103515625e+01
2.702234840393066406e+01
2.701960754394531250e+01
2.701687622070312500e+01
2.701408576965332031e+01
2.701134872436523438e+01
2.700856971740722656e+01
2.700578498840332031e+01
2.700302505493164062e+01
2.700026893615722656e+01
2.699750137329101562e+01
2.699477767944335938e+01
2.699202919006347656e+01
2.698929595947265625e+01
2.698657035827636719e+01
2.698386001586914062e+01
2.698111343383789062e+01
2.697843742370605469e+01
2.697573661804199219e+01
2.697304344177246094e+01
2.697031402587890625e+01
2.696763801574707031e+01
2.696495819091796875e+01
2.696225929260253906e+01
2.695955657958984375e+01
2.695680999755859375e+01
2.695409584045410156e+01
2.695138359069824219e+01
2.694865417480468750e+01
2.694592094421386719e+01
2.694320297241210938e+01
2.694044494628906250e+01
2.693767738342285156e+01
2.693498802185058594e+01
2.693223190307617188e+01
2.692951393127441406e+01
2.692679786682128906e+01
2.692404747009277344e+01
2.692131614685058594e+01
2.691859054565429688e+01
2.691580390930175781e+01
2.691307449340820312e+01
2.691037559509277344e+01
2.690764236450195312e+01
2.690491104125976562e+01
2.690214920043945312e+01
2.689940452575683594e+01
2.689665794372558594e+01
2.689392471313476562e+01
2.689116859436035156e+01
2.688842773437500000e+01
2.688566589355468750e+01
2.688297462463378906e+01
2.688025093078613281e+01
2.687751579284667969e+01
2.687488937377929688e+01
2.687221336364746094e+01
2.686949729919433594e+01
2.686679077148437500e+01
2.686409950256347656e+01
2.686140060424804688e+01
2.685867118835449219e+01
2.685594558715820312e+01
2.685320281982421875e+01
2.685047531127929688e+01
2.684771347045898438e+01
2.684496498107910156e+01
2.684223747253417969e+01
2.683950996398925781e+01
2.683673667907714844e+01
2.683398246765136719e+01
2.683122062683105469e+01
2.682847213745117188e+01
2.682565116882324219e+01
2.682290840148925781e+01
2.682014274597167969e+01
2.681736564636230469e+01
2.681458473205566406e+01
2.681187248229980469e+01
2.680912590026855469e+01
2.680638313293457031e+01
2.680364418029785156e+01
2.680087471008300781e+01
2.679811668395996094e+01
2.679537200927734375e+01
2.679262542724609375e+01
2.678989791870117188e+01
2.678716278076171875e+01
2.678444099426269531e+01
2.678170394897460938e+01
2.677896881103515625e+01
2.677622795104980469e+01
2.677350807189941406e+01
2.677082443237304688e+01
2.676811790466308594e+01
2.676541328430175781e+01
2.676270294189453125e+01
2.675997543334960938e+01
2.675727844238281250e+01
2.675457382202148438e+01
2.675185394287109375e+01
2.674911880493164062e+01
2.674635314941406250e+01
2.674357604980468750e+01
2.674081230163574219e+01
2.673801422119140625e+01
2.673523521423339844e+01
2.673247337341308594e+01
2.672972106933593750e+01
2.672697067260742188e+01
2.672418022155761719e+01
2.672147369384765625e+01
2.671876907348632812e+01
2.671604537963867188e+01
2.671334266662597656e+01
2.671061325073242188e+01
2.670788955688476562e+01
2.670514869689941406e+01
2.670241355895996094e+01
2.669969940185546875e+01
2.669698715209960938e+01
2.669427299499511719e+01
2.669148063659667969e+01
2.668866539001464844e+01
2.668591117858886719e+01
2.668316459655761719e+01
2.668038558959960938e+01
2.667765045166015625e+01
2.667490959167480469e+01
2.667212295532226562e+01
2.666937637329101562e+01
2.666667366027832031e+01
2.666396903991699219e+01
2.666123199462890625e+01
2.665850448608398438e+01
2.665576171875000000e+01
2.665302276611328125e+01
2.665026092529296875e+01
2.664754104614257812e+01
2.664481544494628906e+01
2.664208602905273438e+01
2.663937759399414062e+01
2.663665580749511719e+01
2.663392066955566406e+01
2.663120079040527344e+01
2.662855339050292969e+01
2.662587547302246094e+01
2.662317657470703125e+01
2.662047004699707031e+01
2.661777305603027344e+01
2.661504554748535156e+01
2.661229896545410156e+01
2.660957145690917969e+01
2.660685539245605469e+01
2.660416221618652344e+01
2.660143470764160156e+01
2.659872245788574219e+01
2.659600639343261719e+01
2.659328460693359375e+01
2.659055709838867188e+01
2.658785247802734375e+01
2.658514213562011719e+01
2.658240890502929688e+01
2.657966423034667969e+01
2.657690048217773438e+01
2.657418251037597656e+01
2.657146263122558594e+01
2.656872558593750000e+01
2.656599807739257812e+01
2.656326675415039062e+01
2.656054115295410156e+01
2.655778884887695312e+01
2.655504226684570312e+01
2.655234146118164062e+01
2.654960823059082031e+01
2.654687881469726562e+01
2.654412269592285156e+01
2.654140090942382812e+01
2.653869056701660156e+01
2.653598403930664062e+01
2.653326225280761719e+01
2.653055381774902344e+01
2.652783966064453125e+01
2.652513504028320312e+01
2.652243995666503906e+01
2.651974868774414062e+01
2.651703262329101562e+01
2.651434516906738281e+01
2.651162147521972656e+01
2.650896644592285156e+01
2.650629425048828125e+01
2.650364112854003906e+01
2.650094604492187500e+01
2.649825477600097656e+01
2.649555969238281250e+01
2.649287414550781250e+01
2.649018859863281250e+01
2.648750305175781250e+01
2.648481941223144531e+01
2.648212242126464844e+01
2.647943496704101562e+01
2.647674751281738281e+01
2.647405242919921875e+01
2.647135162353515625e+01
2.646865272521972656e+01
2.646595191955566406e+01
2.646326637268066406e+01
2.646061325073242188e+01
2.645794868469238281e+01
2.645528602600097656e+01
2.645262145996093750e+01
2.644992446899414062e+01
2.644725418090820312e+01
2.644460678100585938e+01
2.644193840026855469e+01
2.643924140930175781e+01
2.643659400939941406e+01
2.643395042419433594e+01
2.643128967285156250e+01
2.642862319946289062e+01
2.642596054077148438e+01
2.642329025268554688e+01
2.642062568664550781e+01
2.641794967651367188e+01
2.641526794433593750e+01
2.641259956359863281e+01
2.640991020202636719e+01
2.640723800659179688e+01
2.640455627441406250e+01
2.640184593200683594e+01
2.639916610717773438e+01
2.639644813537597656e+01
2.639374160766601562e+01
2.639101791381835938e+01
2.638832092285156250e+01
2.638562965393066406e+01
2.638293457031250000e+01
2.638021850585937500e+01
2.637751197814941406e+01
2.637481117248535156e+01
2.637211799621582031e+01
2.636938476562500000e+01
2.636668395996093750e+01
2.636398124694824219e+01
2.636135292053222656e+01
2.635872268676757812e+01
2.635604667663574219e+01
2.635338973999023438e+01
2.635071945190429688e+01
2.634806442260742188e+01
2.634539794921875000e+01
2.634273147583007812e+01
2.634001159667968750e+01
2.633732414245605469e+01
2.633463668823242188e+01
2.633192825317382812e+01
2.632922554016113281e+01
2.632647514343261719e+01
2.632370948791503906e+01
2.632095336914062500e+01
2.631822776794433594e+01
2.631548881530761719e+01
2.631275939941406250e+01
2.631002807617187500e+01
2.630729484558105469e+01
2.630456733703613281e+01
2.630183792114257812e+01
2.629915618896484375e+01
2.629645347595214844e+01
2.629373741149902344e+01
2.629101943969726562e+01
2.628832244873046875e+01
2.628564262390136719e+01
2.628297233581542969e+01
2.628028106689453125e+01
2.627757072448730469e+01
2.627484703063964844e+01
2.627212715148925781e+01
2.626943969726562500e+01
2.626673889160156250e+01
2.626403617858886719e+01
2.626134490966796875e+01
2.625864410400390625e+01
2.625594902038574219e+01
2.625322151184082031e+01
2.625050926208496094e+01
2.624778938293457031e+01
2.624507904052734375e+01
2.624235916137695312e+01
2.623965072631835938e+01
2.623693084716796875e+01
2.623424911499023438e+01
2.623145675659179688e+01
2.622869682312011719e+01
2.622595787048339844e+01
2.622321510314941406e+01
2.622045898437500000e+01
2.621776390075683594e+01
2.621508026123046875e+01
2.621237564086914062e+01
2.620970153808593750e+01
2.620703506469726562e+01
2.620439529418945312e+01
2.620179557800292969e+01
2.619915771484375000e+01
2.619647026062011719e+01
2.619382476806640625e+01
2.619115638732910156e+01
2.618849563598632812e+01
2.618583297729492188e+01
2.618319892883300781e+01
2.618054580688476562e+01
2.617789268493652344e+01
2.617524337768554688e+01
2.617253875732421875e+01
2.616983413696289062e+01
2.616713714599609375e+01
2.616447830200195312e+01
2.616180801391601562e+01
2.615915679931640625e+01
2.615654373168945312e+01
2.615392494201660156e+01
2.615130043029785156e+01
2.614868545532226562e+01
2.614606094360351562e+01
2.614342117309570312e+01
2.614079284667968750e+01
2.613813400268554688e+01
2.613549995422363281e+01
2.613285064697265625e+01
2.613014602661132812e+01
2.612747192382812500e+01
2.612484359741210938e+01
2.612217903137207031e+01
2.611951255798339844e+01
2.611688232421875000e+01
2.611423873901367188e+01
2.611162948608398438e+01
2.610898780822753906e+01
2.610636520385742188e+01
2.610374259948730469e+01
2.610113143920898438e+01
2.609849929809570312e+01
2.609586715698242188e+01
2.609320449829101562e+01
2.609054946899414062e+01
2.608789253234863281e+01
2.608525276184082031e+01
2.608260154724121094e+01
2.607996177673339844e+01
2.607730484008789062e+01
2.607465934753417969e+01
2.607201385498046875e+01
2.606936454772949219e+01
2.606670379638671875e+01
2.606405448913574219e+01
2.606140136718750000e+01
2.605876731872558594e+01
2.605612182617187500e+01
2.605348396301269531e+01
2.605079841613769531e+01
2.604815864562988281e+01
2.604552459716796875e+01
2.604289054870605469e+01
2.604021835327148438e+01
2.603754615783691406e+01
2.603487205505371094e+01
2.603220748901367188e+01
2.602954864501953125e+01
2.602687454223632812e+01
2.602422523498535156e+01
2.602156829833984375e+01
2.601891708374023438e+01
2.601625633239746094e+01
2.601359748840332031e+01
2.601097297668457031e+01
2.600834465026855469e+01
2.600577354431152344e+01
2.600319099426269531e+01
2.600055503845214844e+01
2.599794769287109375e+01
2.599534606933593750e+01
2.599270248413085938e+01
2.599001502990722656e+01
2.598736381530761719e+01
2.598472595214843750e+01
2.598208808898925781e+01
2.597944831848144531e+01
2.597680854797363281e+01
2.597414779663085938e+01
2.597146797180175781e+01
2.596884346008300781e+01
2.596617317199707031e+01
2.596351623535156250e+01
2.596085548400878906e+01
2.595816993713378906e+01
2.595544433593750000e+01
2.595277976989746094e+01
2.595012283325195312e+01
2.594745635986328125e+01
2.594482231140136719e+01
2.594209098815917969e+01
2.593939971923828125e+01
2.593671226501464844e+01
2.593400764465332031e+01
2.593132019042968750e+01
2.592863845825195312e+01
2.592597007751464844e+01
2.592326927185058594e+01
2.592057991027832031e+01
2.591791152954101562e+01
2.591524696350097656e+01
2.591258239746093750e+01
2.590994834899902344e+01
2.590729331970214844e+01
2.590461158752441406e+01
2.590196418762207031e+01
2.589935493469238281e+01
2.589667129516601562e+01
2.589398956298828125e+01
2.589128875732421875e+01
2.588863563537597656e+01
2.588596343994140625e+01
2.588331985473632812e+01
2.588064765930175781e+01
2.587799835205078125e+01
2.587535858154296875e+01
2.587274551391601562e+01
2.587013816833496094e+01
2.586751747131347656e+01
2.586489486694335938e+01
2.586228942871093750e+01
2.585967826843261719e+01
2.585703086853027344e+01
2.585441970825195312e+01
2.585181617736816406e+01
2.584920692443847656e+01
2.584662246704101562e+01
2.584403038024902344e+01
2.584143257141113281e+01
2.583883285522460938e+01
2.583622360229492188e+01
2.583360671997070312e+01
2.583099555969238281e+01
2.582837104797363281e+01
2.582571411132812500e+01
2.582308006286621094e+01
2.582045555114746094e+01
2.581786537170410156e+01
2.581523895263671875e+01
2.581260681152343750e+01
2.580997848510742188e+01
2.580735015869140625e+01
2.580470466613769531e+01
2.580206871032714844e+01
2.579945373535156250e+01
2.579681396484375000e+01
2.579413604736328125e+01
2.579147338867187500e+01
2.578881072998046875e+01
2.578619003295898438e+01
2.578354835510253906e+01
2.578087043762207031e+01
2.577821350097656250e+01
2.577557373046875000e+01
2.577294349670410156e+01
2.577034950256347656e+01
2.576771736145019531e+01
2.576510238647460938e+01
2.576247024536132812e+01
2.575985336303710938e+01
2.575719261169433594e+01
2.575453948974609375e+01
2.575187110900878906e+01
2.574922180175781250e+01
2.574656486511230469e+01
2.574390029907226562e+01
2.574124145507812500e+01
2.573860549926757812e+01
2.573594093322753906e+01
2.573330497741699219e+01
2.573068618774414062e+01
2.572804641723632812e+01
2.572544670104980469e+01
2.572284317016601562e+01
2.572021293640136719e+01
2.571758079528808594e+01
2.571496963500976562e+01
2.571234703063964844e+01
2.570973777770996094e+01
2.570712089538574219e+01
2.570444679260253906e+01
2.570180320739746094e+01
2.569916152954101562e+01
2.569652175903320312e+01
2.569385147094726562e+01
2.569122123718261719e+01
2.568858337402343750e+01
2.568591117858886719e+01
2.568326759338378906e+01
2.568061447143554688e+01
2.567801284790039062e+01
2.567540931701660156e+01
2.567275428771972656e+01
2.567016983032226562e+01
2.566758346557617188e+01
2.566495704650878906e+01
2.566234588623046875e+01
2.565975761413574219e+01
2.565709304809570312e+01
2.565450096130371094e+01
2.565189933776855469e+01
2.564931106567382812e+01
2.564673042297363281e+01
2.564414596557617188e+01
2.564153861999511719e+01
2.563894844055175781e+01
2.563636207580566406e+01
2.563375854492187500e+01
2.563117599487304688e+01
2.562855911254882812e+01
2.562592124938964844e+01
2.562333297729492188e+01
2.562072563171386719e+01
2.561810874938964844e+01
2.561547279357910156e+01
2.561281204223632812e+01
2.561016273498535156e+01
2.560752105712890625e+01
2.560489463806152344e+01
2.560228538513183594e+01
2.559967994689941406e+01
2.559708213806152344e+01
2.559446525573730469e+01
2.559184646606445312e+01
2.558922767639160156e+01
2.558662033081054688e+01
2.558401870727539062e+01
2.558135414123535156e+01
2.557872581481933594e+01
2.557606315612792969e+01
2.557341194152832031e+01
2.557078933715820312e+01
2.556814575195312500e+01
2.556550979614257812e+01
2.556286239624023438e+01
2.556022644042968750e+01
2.555760383605957031e+01
2.555500602722167969e+01
2.555228424072265625e+01
2.554963684082031250e+01
2.554703903198242188e+01
2.554446983337402344e+01
2.554189109802246094e+01
2.553928756713867188e+01
2.553671646118164062e+01
2.553415870666503906e+01
2.553158760070800781e+01
2.552895736694335938e+01
2.552634811401367188e+01
2.552371406555175781e+01
2.552112197875976562e+01
2.551851272583007812e+01
2.551591300964355469e+01
2.551328468322753906e+01
2.551066970825195312e+01
2.550808525085449219e+01
2.550545692443847656e+01
2.550285720825195312e+01
2.550024223327636719e+01
2.549765396118164062e+01
2.549504661560058594e+01
2.549242782592773438e+01
2.548985099792480469e+01
2.548727607727050781e+01
2.548472213745117188e+01
2.548212051391601562e+01
2.547954559326171875e+01
2.547704696655273438e+01
2.547451210021972656e+01
2.547194862365722656e+01
2.546938896179199219e+01
2.546685218811035156e+01
2.546432495117187500e+01
2.546178245544433594e+01
2.545922851562500000e+01
2.545668411254882812e+01
2.545413589477539062e+01
2.545159912109375000e+01
2.544906806945800781e+01
2.544647789001464844e+01
2.544389533996582031e+01
2.544134330749511719e+01
2.543877601623535156e+01
2.543621253967285156e+01
2.543364334106445312e+01
2.543106842041015625e+01
2.542851066589355469e+01
2.542595863342285156e+01
2.542337036132812500e+01
2.542080497741699219e+01
2.541822242736816406e+01
2.541564750671386719e+01
2.541305732727050781e+01
2.541046524047851562e+01
2.540786743164062500e+01
2.540527915954589844e+01
2.540269279479980469e+01
2.540011787414550781e+01
2.539751052856445312e+01
2.539491271972656250e+01
2.539222335815429688e+01
2.538962936401367188e+01
2.538703155517578125e+01
2.538442802429199219e+01
2.538183021545410156e+01
2.537922286987304688e+01
2.537662887573242188e+01
2.537405776977539062e+01
2.537150192260742188e+01
2.536892127990722656e+01
2.536629295349121094e+01
2.536368179321289062e+01
2.536104583740234375e+01
2.535844039916992188e+01
2.535582923889160156e+01
2.535322380065917969e+01
2.535062789916992188e+01
2.534803009033203125e+01
2.534542083740234375e+01
2.534286499023437500e+01
2.534027862548828125e+01
2.533770751953125000e+01
2.533512306213378906e+01
2.533255767822265625e+01
2.532999801635742188e+01
2.532743453979492188e+01
2.532484817504882812e+01
2.532227325439453125e+01
2.531969833374023438e+01
2.531711196899414062e+01
2.531457138061523438e+01
2.531203460693359375e+01
2.530948638916015625e+01
2.530693626403808594e+01
2.530434799194335938e+01
2.530176353454589844e+01
2.529919624328613281e+01
2.529662513732910156e+01
2.529405021667480469e+01
2.529146385192871094e+01
2.528892707824707031e+01
2.528636932373046875e+01
2.528381729125976562e+01
2.528124237060546875e+01
2.527868652343750000e+01
2.527611351013183594e+01
2.527353858947753906e+01
2.527098274230957031e+01
2.526840209960937500e+01
2.526584053039550781e+01
2.526328659057617188e+01
2.526077651977539062e+01
2.525817680358886719e+01
2.525563049316406250e+01
2.525307846069335938e+01
2.525054359436035156e+01
2.524800300598144531e+01
2.524545478820800781e+01
2.524289321899414062e+01
2.524037933349609375e+01
2.523784637451171875e+01
2.523529624938964844e+01
2.523272514343261719e+01
2.523022460937500000e+01
2.522770118713378906e+01
2.522514724731445312e+01
2.522261428833007812e+01
2.522007369995117188e+01
2.521752738952636719e+01
2.521497344970703125e+01
