0.000000000000000000e+00
-6.835122680664062500e+02
2.452971191406250000e+02
-1.300194580078125000e+03
-2.453054199218750000e+03
-4.122492187500000000e+03
-5.354408203125000000e+03
-6.397794433593750000e+03
-7.323400878906250000e+03
-8.127197265625000000e+03
-8.940166015625000000e+03
-9.729428710937500000e+03
-1.039859570312500000e+04
-1.101579492187500000e+04
-1.157739160156250000e+04
-1.211297753906250000e+04
-1.259068261718750000e+04
-1.303271093750000000e+04
-1.346551269531250000e+04
-1.386531250000000000e+04
-1.420830078125000000e+04
-1.453022851562500000e+04
-1.485954589843750000e+04
-1.514632421875000000e+04
-1.538500976562500000e+04
-1.568646777343750000e+04
-1.593527832031250000e+04
-1.617632128906250000e+04
-1.639474609375000000e+04
-1.660895312500000000e+04
-1.680620898437500000e+04
-1.699706640625000000e+04
-1.717013281250000000e+04
-1.734333984375000000e+04
-1.750898046875000000e+04
-1.767110546875000000e+04
-1.781936132812500000e+04
-1.795612695312500000e+04
-1.810431835937500000e+04
-1.823866796875000000e+04
-1.836579492187500000e+04
-1.849338671875000000e+04
-1.859973242187500000e+04
-1.871447265625000000e+04
-1.882302734375000000e+04
-1.894741796875000000e+04
-1.904951171875000000e+04
-1.915511718750000000e+04
-1.925517578125000000e+04
-1.934536132812500000e+04
-1.916257421875000000e+04
-1.916730468750000000e+04
-1.931388671875000000e+04
-1.942615039062500000e+04
-1.954158007812500000e+04
-1.963364648437500000e+04
-1.977092382812500000e+04
-1.986914062500000000e+04
-1.995613085937500000e+04
-2.004014062500000000e+04
-2.017558398437500000e+04
-2.027682031250000000e+04
-2.036174804687500000e+04
-2.041971289062500000e+04
-2.049822851562500000e+04
-2.057265820312500000e+04
-2.064791992187500000e+04
-2.072882617187500000e+04
-2.079253710937500000e+04
-2.086313281250000000e+04
-2.093480468750000000e+04
-2.099634179687500000e+04
-2.105364257812500000e+04
-2.111904882812500000e+04
-2.118046093750000000e+04
-2.124784375000000000e+04
-2.131244921875000000e+04
-2.137191015625000000e+04
-2.143152343750000000e+04
-2.149293359375000000e+04
-2.154918359375000000e+04
-2.160695312500000000e+04
-2.166259570312500000e+04
-2.171770507812500000e+04
-2.177063476562500000e+04
-2.182694921875000000e+04
-2.188000000000000000e+04
-2.193217968750000000e+04
-2.198286523437500000e+04
-2.203252929687500000e+04
-2.208319726562500000e+04
-2.213310742187500000e+04
-2.218229882812500000e+04
-2.223043554687500000e+04
-2.227781250000000000e+04
-2.232419140625000000e+04
-2.236926562500000000e+04
-2.241701757812500000e+04
-2.246189843750000000e+04
-2.250539257812500000e+04
-2.254904687500000000e+04
-2.259279492187500000e+04
-2.263425976562500000e+04
-2.267786718750000000e+04
-2.271901367187500000e+04
-2.276509570312500000e+04
-2.280773046875000000e+04
-2.284709375000000000e+04
-2.288729492187500000e+04
-2.292673242187500000e+04
-2.296720312500000000e+04
-2.300699218750000000e+04
-2.304592773437500000e+04
-2.308477539062500000e+04
-2.312304882812500000e+04
-2.316191796875000000e+04
-2.320030468750000000e+04
-2.323691601562500000e+04
-2.327439453125000000e+04
-2.331013281250000000e+04
-2.334665039062500000e+04
-2.338260156250000000e+04
-2.341610351562500000e+04
-2.345299218750000000e+04
-2.349070117187500000e+04
-2.352565234375000000e+04
-2.355998242187500000e+04
-2.359415039062500000e+04
-2.362735742187500000e+04
-2.366038476562500000e+04
-2.369400195312500000e+04
-2.372815429687500000e+04
-2.375633203125000000e+04
-2.379240820312500000e+04
-2.382545898437500000e+04
-2.385692968750000000e+04
-2.388788281250000000e+04
-2.391878906250000000e+04
-2.395364453125000000e+04
-2.398490039062500000e+04
-2.401717773437500000e+04
-2.404738867187500000e+04
-2.407811718750000000e+04
-2.410638281250000000e+04
-2.413816601562500000e+04
-2.416904101562500000e+04
-2.419916210937500000e+04
-2.422911132812500000e+04
-2.425828125000000000e+04
-2.428563476562500000e+04
-2.431211914062500000e+04
-2.434163867187500000e+04
-2.437223242187500000e+04
-2.440068554687500000e+04
-2.442999218750000000e+04
-2.445929101562500000e+04
-2.448531054687500000e+04
-2.451039648437500000e+04
-2.453879882812500000e+04
-2.456501953125000000e+04
-2.458857617187500000e+04
-2.462232617187500000e+04
-2.464948046875000000e+04
-2.467466210937500000e+04
-2.470110937500000000e+04
-2.472662695312500000e+04
-2.475312500000000000e+04
-2.477976367187500000e+04
-2.480783984375000000e+04
-2.483317187500000000e+04
-2.486040234375000000e+04
-2.488522070312500000e+04
-2.490953906250000000e+04
-2.493370507812500000e+04
-2.495770507812500000e+04
-2.498206640625000000e+04
-2.501095703125000000e+04
-2.503497851562500000e+04
-2.505990429687500000e+04
-2.508492968750000000e+04
-2.510951562500000000e+04
-2.513401953125000000e+04
-2.515804296875000000e+04
-2.518181054687500000e+04
-2.520513085937500000e+04
-2.522812109375000000e+04
-2.524973632812500000e+04
-2.527301953125000000e+04
-2.529646289062500000e+04
-2.532113281250000000e+04
-2.534400390625000000e+04
-2.536775781250000000e+04
-2.539019921875000000e+04
-2.541335351562500000e+04
-2.543363867187500000e+04
-2.544754101562500000e+04
-2.545369335937500000e+04
-2.549265625000000000e+04
-2.549272851562500000e+04
-2.551928515625000000e+04
-2.554417968750000000e+04
-2.557409960937500000e+04
-2.559521093750000000e+04
-2.561768945312500000e+04
-2.564103906250000000e+04
-2.565946289062500000e+04
-2.568451757812500000e+04
-2.570470117187500000e+04
-2.572666406250000000e+04
-2.574599218750000000e+04
-2.577100000000000000e+04
-2.579237890625000000e+04
-2.581402148437500000e+04
-2.583446875000000000e+04
-2.585358398437500000e+04
-2.585651757812500000e+04
-2.587699023437500000e+04
-2.590216406250000000e+04
-2.592966992187500000e+04
-2.595439843750000000e+04
-2.597432812500000000e+04
-2.599497656250000000e+04
-2.601666015625000000e+04
-2.603650195312500000e+04
-2.605704882812500000e+04
-2.607652929687500000e+04
-2.609666406250000000e+04
-2.611595312500000000e+04
-2.613455273437500000e+04
-2.615297070312500000e+04
-2.616959375000000000e+04
-2.619229296875000000e+04
-2.621187890625000000e+04
-2.622962695312500000e+04
-2.624876171875000000e+04
-2.626650585937500000e+04
-2.628466796875000000e+04
-2.630392578125000000e+04
-2.632296875000000000e+04
-2.634056054687500000e+04
-2.635834179687500000e+04
-2.637709375000000000e+04
-2.639639453125000000e+04
-2.641415429687500000e+04
-2.643272460937500000e+04
-2.644978515625000000e+04
-2.646631054687500000e+04
-2.648399218750000000e+04
-2.649647070312500000e+04
-2.651330859375000000e+04
-2.653201562500000000e+04
-2.655465429687500000e+04
-2.657276171875000000e+04
-2.658987890625000000e+04
-2.660742968750000000e+04
-2.662432421875000000e+04
-2.664067773437500000e+04
-2.665507226562500000e+04
-2.666974609375000000e+04
-2.669126171875000000e+04
-2.670869140625000000e+04
-2.672374023437500000e+04
-2.674426367187500000e+04
-2.676064062500000000e+04
-2.677705078125000000e+04
-2.679334179687500000e+04
-2.680991210937500000e+04
-2.682507031250000000e+04
-2.683828906250000000e+04
-2.684358984375000000e+04
-2.687240039062500000e+04
-2.688890039062500000e+04
-2.690341015625000000e+04
-2.691750781250000000e+04
-2.693419531250000000e+04
-2.694689648437500000e+04
-2.696661718750000000e+04
-2.698050195312500000e+04
-2.699750976562500000e+04
-2.701308593750000000e+04
-2.702393750000000000e+04
-2.703715234375000000e+04
-2.705471679687500000e+04
-2.707228515625000000e+04
-2.709236523437500000e+04
-2.710617578125000000e+04
-2.712036523437500000e+04
-2.713702539062500000e+04
-2.715202929687500000e+04
-2.716409960937500000e+04
-2.718127539062500000e+04
-2.719399804687500000e+04
-2.721238671875000000e+04
-2.722658789062500000e+04
-2.724044140625000000e+04
-2.725555468750000000e+04
-2.727134765625000000e+04
-2.728669531250000000e+04
-2.730174218750000000e+04
-2.731624023437500000e+04
-2.733084960937500000e+04
-2.734285546875000000e+04
-2.735709179687500000e+04
-2.736649609375000000e+04
-2.738968945312500000e+04
-2.740387109375000000e+04
-2.741895117187500000e+04
-2.743325976562500000e+04
-2.744801171875000000e+04
-2.746169335937500000e+04
-2.747562695312500000e+04
-2.748971679687500000e+04
-2.750454296875000000e+04
-2.751906445312500000e+04
-2.753343554687500000e+04
-2.754692773437500000e+04
-2.756108789062500000e+04
-2.757470117187500000e+04
-2.758563281250000000e+04
-2.759662890625000000e+04
-2.759130468750000000e+04
-2.760632226562500000e+04
-2.761997851562500000e+04
-2.763689257812500000e+04
-2.765359375000000000e+04
-2.766739453125000000e+04
-2.768134179687500000e+04
-2.769598437500000000e+04
-2.771070312500000000e+04
-2.772422851562500000e+04
-2.773800585937500000e+04
-2.775112890625000000e+04
-2.776567773437500000e+04
-2.777972460937500000e+04
-2.779371484375000000e+04
-2.780543554687500000e+04
-2.781984570312500000e+04
-2.783585937500000000e+04
-2.784660546875000000e+04
-2.786304492187500000e+04
-2.787357617187500000e+04
-2.788301953125000000e+04
-2.789561132812500000e+04
-2.791313476562500000e+04
-2.792691992187500000e+04
-2.793980859375000000e+04
-2.795369140625000000e+04
-2.796682812500000000e+04
-2.797999414062500000e+04
-2.799276367187500000e+04
-2.800541015625000000e+04
-2.801787695312500000e+04
-2.803078906250000000e+04
-2.804341015625000000e+04
-2.805549218750000000e+04
-2.806744726562500000e+04
-2.807916601562500000e+04
-2.808928125000000000e+04
-2.810009765625000000e+04
-2.810940429687500000e+04
-2.812733593750000000e+04
-2.813889062500000000e+04
-2.815125195312500000e+04
-2.816307031250000000e+04
-2.817581054687500000e+04
-2.818516601562500000e+04
-2.819795507812500000e+04
-2.820712500000000000e+04
-2.821565429687500000e+04
-2.823019531250000000e+04
-2.824485156250000000e+04
-2.825748437500000000e+04
-2.827010937500000000e+04
-2.828217382812500000e+04
-2.829449023437500000e+04
-2.830641796875000000e+04
-2.831803906250000000e+04
-2.828306835937500000e+04
-2.829482421875000000e+04
-2.833672851562500000e+04
-2.835139453125000000e+04
-2.836707617187500000e+04
-2.837944335937500000e+04
-2.838887304687500000e+04
-2.839945312500000000e+04
-2.840537890625000000e+04
-2.842539648437500000e+04
-2.843587500000000000e+04
-2.844895507812500000e+04
-2.846122265625000000e+04
-2.847232031250000000e+04
-2.848458398437500000e+04
-2.849635742187500000e+04
-2.850771289062500000e+04
-2.851881250000000000e+04
-2.852913476562500000e+04
-2.853864453125000000e+04
-2.854832031250000000e+04
-2.856227343750000000e+04
-2.857170117187500000e+04
-2.858571093750000000e+04
-2.859615039062500000e+04
-2.860480664062500000e+04
-2.861719726562500000e+04
-2.862682812500000000e+04
-2.863720898437500000e+04
-2.864903906250000000e+04
-2.865949218750000000e+04
-2.867298046875000000e+04
-2.868268554687500000e+04
-2.869355664062500000e+04
-2.870375390625000000e+04
-2.871210742187500000e+04
-2.872615234375000000e+04
-2.873649023437500000e+04
-2.874707617187500000e+04
-2.875655468750000000e+04
-2.876891015625000000e+04
-2.877939843750000000e+04
-2.879026171875000000e+04
-2.879985156250000000e+04
-2.881068945312500000e+04
-2.882012695312500000e+04
-2.883003320312500000e+04
-2.884020507812500000e+04
-2.885119921875000000e+04
-2.886027539062500000e+04
-2.887112109375000000e+04
-2.888148632812500000e+04
-2.889261718750000000e+04
-2.890255859375000000e+04
-2.891218359375000000e+04
-2.892151171875000000e+04
-2.892977148437500000e+04
-2.894016796875000000e+04
-2.895036132812500000e+04
-2.896129492187500000e+04
-2.897170898437500000e+04
-2.898066601562500000e+04
-2.899175585937500000e+04
-2.900021679687500000e+04
-2.901094726562500000e+04
-2.901799023437500000e+04
-2.902947460937500000e+04
-2.903561328125000000e+04
-2.905156640625000000e+04
-2.906049804687500000e+04
-2.907073437500000000e+04
-2.908139843750000000e+04
-2.909071679687500000e+04
-2.910013085937500000e+04
-2.910954492187500000e+04
-2.911895117187500000e+04
-2.912858203125000000e+04
-2.913857226562500000e+04
-2.914821093750000000e+04
-2.915827734375000000e+04
-2.916728515625000000e+04
-2.917681640625000000e+04
-2.918642382812500000e+04
-2.919600976562500000e+04
-2.920478515625000000e+04
-2.921413476562500000e+04
-2.922280273437500000e+04
-2.923314648437500000e+04
-2.924240429687500000e+04
-2.925186523437500000e+04
-2.926121484375000000e+04
-2.927038085937500000e+04
-2.928044335937500000e+04
-2.928980664062500000e+04
-2.929941210937500000e+04
-2.930761718750000000e+04
-2.931714648437500000e+04
-2.932597265625000000e+04
-2.933525000000000000e+04
-2.934357031250000000e+04
-2.935394921875000000e+04
-2.936216796875000000e+04
-2.937082226562500000e+04
-2.937812500000000000e+04
-2.938617382812500000e+04
-2.939486718750000000e+04
-2.940495507812500000e+04
-2.941424609375000000e+04
-2.942511718750000000e+04
-2.943356445312500000e+04
-2.944341992187500000e+04
-2.945270898437500000e+04
-2.946194335937500000e+04
-2.947077343750000000e+04
-2.947986718750000000e+04
-2.948867773437500000e+04
-2.949741796875000000e+04
-2.950600195312500000e+04
-2.951415429687500000e+04
-2.952261132812500000e+04
-2.952909765625000000e+04
-2.954058398437500000e+04
-2.954985742187500000e+04
-2.955805468750000000e+04
-2.956629882812500000e+04
-2.957455859375000000e+04
-2.958361718750000000e+04
-2.959164062500000000e+04
-2.960071679687500000e+04
-2.960725976562500000e+04
-2.961355859375000000e+04
-2.962777148437500000e+04
-2.963667968750000000e+04
-2.964538281250000000e+04
-2.965378710937500000e+04
-2.966247656250000000e+04
-2.967076757812500000e+04
-2.967920117187500000e+04
-2.968767187500000000e+04
-2.969620898437500000e+04
-2.970479296875000000e+04
-2.971301757812500000e+04
-2.972105078125000000e+04
-2.972978710937500000e+04
-2.973815820312500000e+04
-2.974686914062500000e+04
-2.975555273437500000e+04
-2.976359375000000000e+04
-2.977233593750000000e+04
-2.978020117187500000e+04
-2.978735937500000000e+04
-2.979416601562500000e+04
-2.980143164062500000e+04
-2.980951171875000000e+04
-2.981633593750000000e+04
-2.982442968750000000e+04
-2.983049218750000000e+04
-2.984267382812500000e+04
-2.985143750000000000e+04
-2.986017382812500000e+04
-2.986809765625000000e+04
-2.987606835937500000e+04
-2.988357421875000000e+04
-2.989275000000000000e+04
-2.989675000000000000e+04
-2.990917187500000000e+04
-2.991672265625000000e+04
-2.992447265625000000e+04
-2.993097851562500000e+04
-2.993934570312500000e+04
-2.994472460937500000e+04
-2.995445898437500000e+04
-2.996325585937500000e+04
-2.997174023437500000e+04
-2.998030273437500000e+04
-2.998838671875000000e+04
-2.999669921875000000e+04
-3.000240625000000000e+04
-3.001074609375000000e+04
-3.001826953125000000e+04
-3.002581250000000000e+04
-3.003312500000000000e+04
-3.004099804687500000e+04
-3.004922656250000000e+04
-3.005721875000000000e+04
-3.006520507812500000e+04
-3.007352148437500000e+04
-3.008203125000000000e+04
-3.008970703125000000e+04
-3.009730664062500000e+04
-3.010450000000000000e+04
-3.011254687500000000e+04
-3.012037695312500000e+04
-3.012763476562500000e+04
-3.013528710937500000e+04
-3.012914257812500000e+04
-3.006490234375000000e+04
-3.011337304687500000e+04
-3.010941210937500000e+04
-3.012554296875000000e+04
-3.014060156250000000e+04
-3.015050000000000000e+04
-3.016286132812500000e+04
-3.017296289062500000e+04
-3.018366992187500000e+04
-3.019563281250000000e+04
-3.020535156250000000e+04
-3.021570898437500000e+04
-3.022473632812500000e+04
-3.023251171875000000e+04
-3.024087304687500000e+04
-3.024857031250000000e+04
-3.025545703125000000e+04
-3.026551367187500000e+04
-3.027489843750000000e+04
-3.028401171875000000e+04
-3.029208789062500000e+04
-3.029893359375000000e+04
-3.030520703125000000e+04
-3.030975000000000000e+04
-3.031154101562500000e+04
-3.032339062500000000e+04
-3.033233398437500000e+04
-3.034171679687500000e+04
-3.034946289062500000e+04
-3.035742382812500000e+04
-3.036518359375000000e+04
-3.037288867187500000e+04
-3.038050390625000000e+04
-3.038826367187500000e+04
-3.039602929687500000e+04
-3.040378320312500000e+04
-3.041108984375000000e+04
-3.041881445312500000e+04
-3.042614648437500000e+04
-3.043345703125000000e+04
-3.044043945312500000e+04
-3.044747460937500000e+04
-3.045436328125000000e+04
-3.046169140625000000e+04
-3.046879687500000000e+04
-3.047634960937500000e+04
-3.048319531250000000e+04
-3.049020703125000000e+04
-3.049654882812500000e+04
-3.050416601562500000e+04
-3.051091601562500000e+04
-3.051655468750000000e+04
-3.052241406250000000e+04
-3.052881445312500000e+04
-3.053689062500000000e+04
-3.054509765625000000e+04
-3.055233789062500000e+04
-3.055940625000000000e+04
-3.056596679687500000e+04
-3.057319140625000000e+04
-3.058046289062500000e+04
-3.058767382812500000e+04
-3.059467968750000000e+04
-3.060163671875000000e+04
-3.060852343750000000e+04
-3.061517187500000000e+04
-3.062185351562500000e+04
-3.062867578125000000e+04
-3.063584375000000000e+04
-3.064298828125000000e+04
-3.064949804687500000e+04
-3.065645703125000000e+04
-3.066324414062500000e+04
-3.066980664062500000e+04
-3.067666406250000000e+04
-3.068328125000000000e+04
-3.068991406250000000e+04
-3.069274218750000000e+04
-3.069928906250000000e+04
-3.070591796875000000e+04
-3.071203710937500000e+04
-3.072011718750000000e+04
-3.072685742187500000e+04
-3.073397070312500000e+04
-3.074021484375000000e+04
-3.074761523437500000e+04
-3.075468359375000000e+04
-3.076191601562500000e+04
-3.076847070312500000e+04
-3.077524609375000000e+04
-3.078178710937500000e+04
-3.078841406250000000e+04
-3.079466796875000000e+04
-3.080165625000000000e+04
-3.080772070312500000e+04
-3.081445312500000000e+04
-3.082083007812500000e+04
-3.082723437500000000e+04
-3.083347460937500000e+04
-3.083981250000000000e+04
-3.084616210937500000e+04
-3.085284960937500000e+04
-3.085784765625000000e+04
-3.086546093750000000e+04
-3.087227734375000000e+04
-3.082847851562500000e+04
-3.085713476562500000e+04
-3.087974414062500000e+04
-3.088909765625000000e+04
-3.089528125000000000e+04
-3.090171679687500000e+04
-3.090642382812500000e+04
-3.091316992187500000e+04
-3.092105468750000000e+04
-3.092724804687500000e+04
-3.093479687500000000e+04
-3.094208789062500000e+04
-3.094866015625000000e+04
-3.095573828125000000e+04
-3.096208007812500000e+04
-3.096854101562500000e+04
-3.097258593750000000e+04
-3.098077343750000000e+04
-3.098447265625000000e+04
-3.099154296875000000e+04
-3.099764453125000000e+04
-3.100667968750000000e+04
-3.101301367187500000e+04
-3.101886914062500000e+04
-3.102352148437500000e+04
-3.102373632812500000e+04
-3.103631250000000000e+04
-3.104315820312500000e+04
-3.104687695312500000e+04
-3.094426953125000000e+04
-3.093673828125000000e+04
-3.101913867187500000e+04
-3.103155273437500000e+04
-3.104511914062500000e+04
-3.105674804687500000e+04
-3.106681054687500000e+04
-3.107485742187500000e+04
-3.108354296875000000e+04
-3.109217578125000000e+04
-3.110086132812500000e+04
-3.110860546875000000e+04
-3.111611914062500000e+04
-3.112362890625000000e+04
-3.113073632812500000e+04
-3.113703906250000000e+04
-3.114427929687500000e+04
-3.115012890625000000e+04
-3.115750195312500000e+04
-3.116460937500000000e+04
-3.117182226562500000e+04
-3.117807031250000000e+04
-3.118380859375000000e+04
-3.118933007812500000e+04
-3.119493359375000000e+04
-3.120253906250000000e+04
-3.120896093750000000e+04
-3.121487500000000000e+04
-3.121908398437500000e+04
-3.121976367187500000e+04
-3.122329492187500000e+04
-3.123355664062500000e+04
-3.124070117187500000e+04
-3.124744335937500000e+04
-3.125450781250000000e+04
-3.126080859375000000e+04
-3.126679296875000000e+04
-3.127231054687500000e+04
-3.127403906250000000e+04
-3.123116015625000000e+04
-3.126016796875000000e+04
-3.127052929687500000e+04
-3.127906054687500000e+04
-3.128597656250000000e+04
-3.129489648437500000e+04
-3.130309375000000000e+04
-3.130330468750000000e+04
-3.131570312500000000e+04
-3.132348242187500000e+04
-3.132882421875000000e+04
-3.133278515625000000e+04
-3.133616796875000000e+04
-3.134432226562500000e+04
-3.135080664062500000e+04
-3.135606250000000000e+04
-3.136353710937500000e+04
-3.137137500000000000e+04
-3.137810546875000000e+04
-3.138436132812500000e+04
-3.139085546875000000e+04
-3.139707226562500000e+04
-3.140254101562500000e+04
-3.140654296875000000e+04
-3.141301171875000000e+04
-3.141966992187500000e+04
-3.142574023437500000e+04
-3.143045703125000000e+04
-3.143701367187500000e+04
-3.144278125000000000e+04
-3.144880273437500000e+04
-3.145501757812500000e+04
-3.146024804687500000e+04
-3.146591406250000000e+04
-3.147282226562500000e+04
-3.147885546875000000e+04
-3.148318164062500000e+04
-3.148867968750000000e+04
-3.149457226562500000e+04
-3.150028320312500000e+04
-3.150568945312500000e+04
-3.151109179687500000e+04
-3.151656640625000000e+04
-3.152092187500000000e+04
-3.152783007812500000e+04
-3.153282617187500000e+04
-3.153913281250000000e+04
-3.154491015625000000e+04
-3.155106445312500000e+04
-3.155640625000000000e+04
-3.156194921875000000e+04
-3.156640429687500000e+04
-3.157050195312500000e+04
-3.157278710937500000e+04
-3.158290039062500000e+04
-3.158864257812500000e+04
-3.159504882812500000e+04
-3.160048632812500000e+04
-3.160617968750000000e+04
-3.161134179687500000e+04
-3.161540234375000000e+04
-3.162076171875000000e+04
-3.162707812500000000e+04
-3.163226953125000000e+04
-3.163813671875000000e+04
-3.164356445312500000e+04
-3.164799609375000000e+04
-3.165416992187500000e+04
-3.165782617187500000e+04
-3.166412109375000000e+04
-3.166970507812500000e+04
-3.167523828125000000e+04
-3.168053125000000000e+04
-3.168517187500000000e+04
-3.169064453125000000e+04
-3.169510546875000000e+04
-3.170181445312500000e+04
-3.170734179687500000e+04
-3.171254687500000000e+04
-3.171761523437500000e+04
-3.172333789062500000e+04
-3.172817968750000000e+04
-3.173370117187500000e+04
-3.173481250000000000e+04
-3.174065625000000000e+04
-3.174596875000000000e+04
-3.175022265625000000e+04
-3.175541601562500000e+04
-3.176178906250000000e+04
-3.176802148437500000e+04
-3.177239062500000000e+04
-3.177851562500000000e+04
-3.178360156250000000e+04
-3.178777929687500000e+04
-3.179267382812500000e+04
-3.179733789062500000e+04
-3.180370312500000000e+04
-3.180836132812500000e+04
-3.181310937500000000e+04
-3.181744140625000000e+04
-3.182308984375000000e+04
-3.182797070312500000e+04
-3.183446875000000000e+04
-3.183964257812500000e+04
-3.184359765625000000e+04
-3.184936328125000000e+04
-3.185474414062500000e+04
-3.185955273437500000e+04
-3.186483984375000000e+04
-3.186865039062500000e+04
-3.187358593750000000e+04
-3.187868164062500000e+04
-3.188506250000000000e+04
-3.188999218750000000e+04
-3.189506835937500000e+04
-3.190009179687500000e+04
-3.190502148437500000e+04
-3.190979492187500000e+04
-3.191529882812500000e+04
-3.192013867187500000e+04
-3.192503515625000000e+04
-3.192914062500000000e+04
-3.193328125000000000e+04
-3.193924023437500000e+04
-3.194434179687500000e+04
-3.194938085937500000e+04
-3.195448632812500000e+04
-3.195957812500000000e+04
-3.196464648437500000e+04
-3.196949609375000000e+04
-3.197467382812500000e+04
-3.197957031250000000e+04
-3.198450781250000000e+04
-3.198919140625000000e+04
-3.199433203125000000e+04
-3.199908007812500000e+04
-3.200406835937500000e+04
-3.200843945312500000e+04
-3.201253320312500000e+04
-3.201578710937500000e+04
-3.202287695312500000e+04
-3.202819140625000000e+04
-3.203320312500000000e+04
-3.203771093750000000e+04
-3.204271875000000000e+04
-3.204748828125000000e+04
-3.205246679687500000e+04
-3.205682617187500000e+04
-3.206123437500000000e+04
-3.206638476562500000e+04
-3.207149218750000000e+04
-3.207626953125000000e+04
-3.208128515625000000e+04
-3.208585351562500000e+04
-3.209077343750000000e+04
-3.209529492187500000e+04
-3.210034570312500000e+04
-3.210482031250000000e+04
-3.210980468750000000e+04
-3.211406054687500000e+04
-3.211888476562500000e+04
-3.212336718750000000e+04
-3.212865234375000000e+04
-3.213292968750000000e+04
-3.213810546875000000e+04
-3.214291796875000000e+04
-3.214792773437500000e+04
-3.215263867187500000e+04
-3.215717773437500000e+04
-3.216052148437500000e+04
-3.216596289062500000e+04
-3.216984179687500000e+04
-3.217476367187500000e+04
-3.217860156250000000e+04
-3.217969140625000000e+04
-3.218742968750000000e+04
-3.219240039062500000e+04
-3.219454687500000000e+04
-3.219924218750000000e+04
-3.220328320312500000e+04
-3.220946289062500000e+04
-3.221466210937500000e+04
-3.221877539062500000e+04
-3.222364453125000000e+04
-3.222832812500000000e+04
-3.223348828125000000e+04
-3.223844335937500000e+04
-3.224266992187500000e+04
-3.224736328125000000e+04
-3.225158203125000000e+04
-3.225692382812500000e+04
-3.226158984375000000e+04
-3.226661914062500000e+04
-3.227117968750000000e+04
-3.227582226562500000e+04
-3.227988281250000000e+04
-3.228489843750000000e+04
-3.228939648437500000e+04
-3.229326562500000000e+04
-3.229668554687500000e+04
-3.230271289062500000e+04
-3.230755664062500000e+04
-3.231213476562500000e+04
-3.231654882812500000e+04
-3.232111523437500000e+04
-3.232253710937500000e+04
-3.231991796875000000e+04
-3.232856640625000000e+04
-3.233300000000000000e+04
-3.233805273437500000e+04
-3.234415820312500000e+04
-3.234869726562500000e+04
-3.235360937500000000e+04
-3.235812109375000000e+04
-3.236271289062500000e+04
-3.236665039062500000e+04
-3.237172070312500000e+04
-3.237608984375000000e+04
-3.238090234375000000e+04
-3.238482421875000000e+04
-3.237903515625000000e+04
-3.227335937500000000e+04
-3.230437500000000000e+04
-3.233409179687500000e+04
-3.234400000000000000e+04
-3.235458398437500000e+04
-3.236662695312500000e+04
-3.237443164062500000e+04
-3.238304101562500000e+04
-3.238921484375000000e+04
-3.239747070312500000e+04
-3.240336914062500000e+04
-3.241082617187500000e+04
-3.241696093750000000e+04
-3.242034375000000000e+04
-3.242608398437500000e+04
-3.243288281250000000e+04
-3.243648828125000000e+04
-3.244622460937500000e+04
-3.245302148437500000e+04
-3.245888085937500000e+04
-3.246370117187500000e+04
-3.246779687500000000e+04
-3.247173828125000000e+04
-3.247652343750000000e+04
-3.248506445312500000e+04
-3.248453906250000000e+04
-3.249565820312500000e+04
-3.250133984375000000e+04
-3.250654101562500000e+04
-3.251145507812500000e+04
-3.251605664062500000e+04
-3.252113476562500000e+04
-3.252498632812500000e+04
