1.000000000000000000e+00
1.073877334594726562e+00
1.182993888854980469e+00
1.354137539863586426e+00
1.591035842895507812e+00
1.826858878135681152e+00
2.061325073242187500e+00
2.294067144393920898e+00
2.524379491806030273e+00
2.750290393829345703e+00
2.971415519714355469e+00
3.187935590744018555e+00
3.396665096282958984e+00
3.598425388336181641e+00
3.792854547500610352e+00
3.979291439056396484e+00
4.158585548400878906e+00
4.330411911010742188e+00
4.495514392852783203e+00
4.653665542602539062e+00
4.805429935455322266e+00
4.951044559478759766e+00
5.090940952301025391e+00
5.225313186645507812e+00
5.354370594024658203e+00
5.478962898254394531e+00
5.598612308502197266e+00
5.713797569274902344e+00
5.825040340423583984e+00
5.932338237762451172e+00
6.036183834075927734e+00
6.136316299438476562e+00
6.233431816101074219e+00
6.327633380889892578e+00
6.418881416320800781e+00
6.507542610168457031e+00
6.593599319458007812e+00
6.677492141723632812e+00
6.759154796600341797e+00
6.838774681091308594e+00
6.916545867919921875e+00
6.992487430572509766e+00
7.067090034484863281e+00
7.139984607696533203e+00
7.211068630218505859e+00
7.280809879302978516e+00
7.349194049835205078e+00
7.416252613067626953e+00
7.481979846954345703e+00
7.546689510345458984e+00
7.615180015563964844e+00
7.682215213775634766e+00
7.747735023498535156e+00
7.812474250793457031e+00
7.876553058624267578e+00
7.939537048339843750e+00
8.001598358154296875e+00
8.062613487243652344e+00
8.122754096984863281e+00
8.181881904602050781e+00
8.240152359008789062e+00
8.297500610351562500e+00
8.353982925415039062e+00
8.409868240356445312e+00
8.464839935302734375e+00
8.519257545471191406e+00
8.572935104370117188e+00
8.625947952270507812e+00
8.678251266479492188e+00
8.730122566223144531e+00
8.781273841857910156e+00
8.831999778747558594e+00
8.882322311401367188e+00
8.932081222534179688e+00
8.981259346008300781e+00
9.030078887939453125e+00
9.078316688537597656e+00
9.126149177551269531e+00
9.173530578613281250e+00
9.220559120178222656e+00
9.267125129699707031e+00
9.313376426696777344e+00
9.359270095825195312e+00
9.404681205749511719e+00
9.449862480163574219e+00
9.494585990905761719e+00
9.539062500000000000e+00
9.583148956298828125e+00
9.626997947692871094e+00
9.670507431030273438e+00
9.713822364807128906e+00
9.756773948669433594e+00
9.799479484558105469e+00
9.841846466064453125e+00
9.883996009826660156e+00
9.925839424133300781e+00
9.967485427856445312e+00
1.000881862640380859e+01
1.004998302459716797e+01
1.009088420867919922e+01
1.013160705566406250e+01
1.017203807830810547e+01
1.021230030059814453e+01
1.025228881835937500e+01
1.029206657409667969e+01
1.033162117004394531e+01
1.037098884582519531e+01
1.041013050079345703e+01
1.044908523559570312e+01
1.048781013488769531e+01
1.052635383605957031e+01
1.056470108032226562e+01
1.060289096832275391e+01
1.064085006713867188e+01
1.067864227294921875e+01
1.071617412567138672e+01
1.075362014770507812e+01
1.079083633422851562e+01
1.082795524597167969e+01
1.086481666564941406e+01
1.090161228179931641e+01
1.093811798095703125e+01
1.097459506988525391e+01
1.101079750061035156e+01
1.104693794250488281e+01
1.108288192749023438e+01
1.111870670318603516e+01
1.115434646606445312e+01
1.118985652923583984e+01
1.122520065307617188e+01
1.126040458679199219e+01
1.129543209075927734e+01
1.133042240142822266e+01
1.136518669128417969e+01
1.139980697631835938e+01
1.143435096740722656e+01
1.146876811981201172e+01
1.150293254852294922e+01
1.153707599639892578e+01
1.157102966308593750e+01
1.160490512847900391e+01
1.163859272003173828e+01
1.167221355438232422e+01
1.170570087432861328e+01
1.173909282684326172e+01
1.177230548858642578e+01
1.180547428131103516e+01
1.183843135833740234e+01
1.187133312225341797e+01
1.190405082702636719e+01
1.193674659729003906e+01
1.196925258636474609e+01
1.200168037414550781e+01
1.203394603729248047e+01
1.206616115570068359e+01
1.209823131561279297e+01
1.213028526306152344e+01
1.216216468811035156e+01
1.219392013549804688e+01
1.222553730010986328e+01
1.225707149505615234e+01
1.228850650787353516e+01
1.231982517242431641e+01
1.235105419158935547e+01
1.238218021392822266e+01
1.241322803497314453e+01
1.244406986236572266e+01
1.247495555877685547e+01
1.250564479827880859e+01
1.253629112243652344e+01
1.256681919097900391e+01
1.259729194641113281e+01
1.262766075134277344e+01
1.265788650512695312e+01
1.268806934356689453e+01
1.271807289123535156e+01
1.274802398681640625e+01
1.277787113189697266e+01
1.280768775939941406e+01
1.283735942840576172e+01
1.286700630187988281e+01
1.289650821685791016e+01
1.292596626281738281e+01
1.295530796051025391e+01
1.298460578918457031e+01
1.301377964019775391e+01
1.304293537139892578e+01
1.307190513610839844e+01
1.310090923309326172e+01
1.312974071502685547e+01
1.315855884552001953e+01
1.318725395202636719e+01
1.321590423583984375e+01
1.324447727203369141e+01
1.327296733856201172e+01
1.330139827728271484e+01
1.332966995239257812e+01
1.335797119140625000e+01
1.338619709014892578e+01
1.341412830352783203e+01
1.344226074218750000e+01
1.347023487091064453e+01
1.349822044372558594e+01
1.352602481842041016e+01
1.355382919311523438e+01
1.358158874511718750e+01
1.360926342010498047e+01
1.363679790496826172e+01
1.366429042816162109e+01
1.369165420532226562e+01
1.371898937225341797e+01
1.374621295928955078e+01
1.377341079711914062e+01
1.380049324035644531e+01
1.382756233215332031e+01
1.385484218597412109e+01
1.388198089599609375e+01
1.390893268585205078e+01
1.393583965301513672e+01
1.396262550354003906e+01
1.398939990997314453e+01
1.401602935791015625e+01
1.404264926910400391e+01
1.406918048858642578e+01
1.409567546844482422e+01
1.412202358245849609e+01
1.414835166931152344e+01
1.417456245422363281e+01
1.420077037811279297e+01
1.422683811187744141e+01
1.425293636322021484e+01
1.427888298034667969e+01
1.430484867095947266e+01
1.433069705963134766e+01
1.435653972625732422e+01
1.438226318359375000e+01
1.440800285339355469e+01
1.443358993530273438e+01
1.445920944213867188e+01
1.448467063903808594e+01
1.451026821136474609e+01
1.453565120697021484e+01
1.456108283996582031e+01
1.458634948730468750e+01
1.461164760589599609e+01
1.463679122924804688e+01
1.466197109222412109e+01
1.468700504302978516e+01
1.471205139160156250e+01
1.473701858520507812e+01
1.476189804077148438e+01
1.478675270080566406e+01
1.481159591674804688e+01
1.483632564544677734e+01
1.486104679107666016e+01
1.488565731048583984e+01
1.491025447845458984e+01
1.493476676940917969e+01
1.495929050445556641e+01
1.498367691040039062e+01
1.500805091857910156e+01
1.503240108489990234e+01
1.505668163299560547e+01
1.508095455169677734e+01
1.510513210296630859e+01
1.512927055358886719e+01
1.515333843231201172e+01
1.517741298675537109e+01
1.520138072967529297e+01
1.522536087036132812e+01
1.524923324584960938e+01
1.527304840087890625e+01
1.529687309265136719e+01
1.532058238983154297e+01
1.534434604644775391e+01
1.536794281005859375e+01
1.539155578613281250e+01
1.541507720947265625e+01
1.543865394592285156e+01
1.546215724945068359e+01
1.548561477661132812e+01
1.550913810729980469e+01
1.553260517120361328e+01
1.555598449707031250e+01
1.557934284210205078e+01
1.560259914398193359e+01
1.562579822540283203e+01
1.564898872375488281e+01
1.567207145690917969e+01
1.569517135620117188e+01
1.571816158294677734e+01
1.574116325378417969e+01
1.576404476165771484e+01
1.578692150115966797e+01
1.580977630615234375e+01
1.583251762390136719e+01
1.585528373718261719e+01
1.587792778015136719e+01
1.590057849884033203e+01
1.592313194274902344e+01
1.594567584991455078e+01
1.596813488006591797e+01
1.599061107635498047e+01
1.601304244995117188e+01
1.603541374206542969e+01
1.605773735046386719e+01
1.608008575439453125e+01
1.610233497619628906e+01
1.612459373474121094e+01
1.614676666259765625e+01
1.616895103454589844e+01
1.619106674194335938e+01
1.621319007873535156e+01
1.623522758483886719e+01
1.625726509094238281e+01
1.627924537658691406e+01
1.630119895935058594e+01
1.632310485839843750e+01
1.634500694274902344e+01
1.636698532104492188e+01
1.638868331909179688e+01
1.641047859191894531e+01
1.643230819702148438e+01
1.645401954650878906e+01
1.647575187683105469e+01
1.649738121032714844e+01
1.651898765563964844e+01
1.654083442687988281e+01
1.656250000000000000e+01
1.658411026000976562e+01
1.660566139221191406e+01
1.662717819213867188e+01
1.664866065979003906e+01
1.667010116577148438e+01
1.669151306152343750e+01
1.671289253234863281e+01
1.673422431945800781e+01
1.675549697875976562e+01
1.677675056457519531e+01
1.679797554016113281e+01
1.681914520263671875e+01
1.684030532836914062e+01
1.686140823364257812e+01
1.688241195678710938e+01
1.690341758728027344e+01
1.692437362670898438e+01
1.694528579711914062e+01
1.696614646911621094e+01
1.698695182800292969e+01
1.700774383544921875e+01
1.702849578857421875e+01
1.704920005798339844e+01
1.706987762451171875e+01
1.709052276611328125e+01
1.711113357543945312e+01
1.713172531127929688e+01
1.715225219726562500e+01
1.717280769348144531e+01
1.719324874877929688e+01
1.721375274658203125e+01
1.723414993286132812e+01
1.725456428527832031e+01
1.727491760253906250e+01
1.729524803161621094e+01
1.731556129455566406e+01
1.733583068847656250e+01
1.735609436035156250e+01
1.737631034851074219e+01
1.739649581909179688e+01
1.741663742065429688e+01
1.743672752380371094e+01
1.745686531066894531e+01
1.747690773010253906e+01
1.749699974060058594e+01
1.751696586608886719e+01
1.753697395324707031e+01
1.755689430236816406e+01
1.757685852050781250e+01
1.759689521789550781e+01
1.761696434020996094e+01
1.763694381713867188e+01
1.765686416625976562e+01
1.767690086364746094e+01
1.769682312011718750e+01
1.771668434143066406e+01
1.773653411865234375e+01
1.775629806518554688e+01
1.777598953247070312e+01
1.779570388793945312e+01
1.781534576416015625e+01
1.783498573303222656e+01
1.785456085205078125e+01
1.787414360046386719e+01
1.789364814758300781e+01
1.791319084167480469e+01
1.793261718750000000e+01
1.795209121704101562e+01
1.797144889831542969e+01
1.799087524414062500e+01
1.801020431518554688e+01
1.802957344055175781e+01
1.804882240295410156e+01
1.806811904907226562e+01
1.808731842041015625e+01
1.810656929016113281e+01
1.812569046020507812e+01
1.814486694335937500e+01
1.816391563415527344e+01
1.818299102783203125e+01
1.820202445983886719e+01
1.822111129760742188e+01
1.824007987976074219e+01
1.825907897949218750e+01
1.827797508239746094e+01
1.829689407348632812e+01
1.831574058532714844e+01
1.833460235595703125e+01
1.835343551635742188e+01
1.837223434448242188e+01
1.839104080200195312e+01
1.840980911254882812e+01
1.842854690551757812e+01
1.844723892211914062e+01
1.846593666076660156e+01
1.848457336425781250e+01
1.850322532653808594e+01
1.852182960510253906e+01
1.854045104980468750e+01
1.855901336669921875e+01
1.857756805419921875e+01
1.859609413146972656e+01
1.861455726623535156e+01
1.863305091857910156e+01
1.865146636962890625e+01
1.866989326477050781e+01
1.868825531005859375e+01
1.870663452148437500e+01
1.872495460510253906e+01
1.874328422546386719e+01
1.876153945922851562e+01
1.877978324890136719e+01
1.879801940917968750e+01
1.881621170043945312e+01
1.883443832397460938e+01
1.885255241394042969e+01
1.887072753906250000e+01
1.888886451721191406e+01
1.890692901611328125e+01
1.892500495910644531e+01
1.894305610656738281e+01
1.896106338500976562e+01
1.897909164428710938e+01
1.899706077575683594e+01
1.901500129699707031e+01
1.903292465209960938e+01
1.905082702636718750e+01
1.906868743896484375e+01
1.908657836914062500e+01
1.910443496704101562e+01
1.912226295471191406e+01
1.914006233215332031e+01
1.915785408020019531e+01
1.917560386657714844e+01
1.919337844848632812e+01
1.921111869812011719e+01
1.922884559631347656e+01
1.924654388427734375e+01
1.926419830322265625e+01
1.928186798095703125e+01
1.929949951171875000e+01
1.931710624694824219e+01
1.933471488952636719e+01
1.935227775573730469e+01
1.936984252929687500e+01
1.938734245300292969e+01
1.940486907958984375e+01
1.942230606079101562e+01
1.943980216979980469e+01
1.945720672607421875e+01
1.947467041015625000e+01
1.949216079711914062e+01
1.950963211059570312e+01
1.952696228027343750e+01
1.954438591003417969e+01
1.956170845031738281e+01
1.957907485961914062e+01
1.959634780883789062e+01
1.961364364624023438e+01
1.963087463378906250e+01
1.964811325073242188e+01
1.966533470153808594e+01
1.968254280090332031e+01
1.969971275329589844e+01
1.971686553955078125e+01
1.973399162292480469e+01
1.975110244750976562e+01
1.976817893981933594e+01
1.978523445129394531e+01
1.980228233337402344e+01
1.981929588317871094e+01
1.983628654479980469e+01
1.985329055786132812e+01
1.987022781372070312e+01
1.988717651367187500e+01
1.990410614013671875e+01
1.992102050781250000e+01
1.993792724609375000e+01
1.995477867126464844e+01
1.997162055969238281e+01
1.998845863342285156e+01
2.000528526306152344e+01
2.002208900451660156e+01
2.003887939453125000e+01
2.005562019348144531e+01
2.007234954833984375e+01
2.008907127380371094e+01
2.010576438903808594e+01
2.012244606018066406e+01
2.013912773132324219e+01
2.015576553344726562e+01
2.017241668701171875e+01
2.018902969360351562e+01
2.020564842224121094e+01
2.022224426269531250e+01
2.023881721496582031e+01
2.025534629821777344e+01
2.027189064025878906e+01
2.028839683532714844e+01
2.030489158630371094e+01
2.032132720947265625e+01
2.033779716491699219e+01
2.035414314270019531e+01
2.037062835693359375e+01
2.038690567016601562e+01
2.040333747863769531e+01
2.041964912414550781e+01
2.043603134155273438e+01
2.045229911804199219e+01
2.046864318847656250e+01
2.048489570617675781e+01
2.050120544433593750e+01
2.051742935180664062e+01
2.053371047973632812e+01
2.054996299743652344e+01
2.056618690490722656e+01
2.058245849609375000e+01
2.059866523742675781e+01
2.061486816406250000e+01
2.063101196289062500e+01
2.064715576171875000e+01
2.066326522827148438e+01
2.067936325073242188e+01
2.069546127319335938e+01
2.071151924133300781e+01
2.072758865356445312e+01
2.074362945556640625e+01
2.075960731506347656e+01
2.077561187744140625e+01
2.079154586791992188e+01
2.080752372741699219e+01
2.082341957092285156e+01
2.083935737609863281e+01
2.085523223876953125e+01
2.087112236022949219e+01
2.088697242736816406e+01
2.090283012390136719e+01
2.091867065429687500e+01
2.093446731567382812e+01
2.095026397705078125e+01
2.096604537963867188e+01
2.098183059692382812e+01
2.099758338928222656e+01
2.101333236694335938e+01
2.102907752990722656e+01
2.104494857788085938e+01
2.106081199645996094e+01
2.107647705078125000e+01
2.109222602844238281e+01
2.110792732238769531e+01
2.112362289428710938e+01
2.113928222656250000e+01
2.115496063232421875e+01
2.117060279846191406e+01
2.118626022338867188e+01
2.120190811157226562e+01
2.121752357482910156e+01
2.123315048217773438e+01
2.124883842468261719e+01
2.126449012756347656e+01
2.128005981445312500e+01
2.129565238952636719e+01
2.131120300292968750e+01
2.132678604125976562e+01
2.134230041503906250e+01
2.135782241821289062e+01
2.137335586547851562e+01
2.138887023925781250e+01
2.140428352355957031e+01
2.141973876953125000e+01
2.143512535095214844e+01
2.145051765441894531e+01
2.146584510803222656e+01
2.148118591308593750e+01
2.149647331237792969e+01
2.151175498962402344e+01
2.152702331542968750e+01
2.154225730895996094e+01
2.155747032165527344e+01
2.157266807556152344e+01
2.158786010742187500e+01
2.160303306579589844e+01
2.161818122863769531e+01
2.163332939147949219e+01
2.164844131469726562e+01
2.166356658935546875e+01
2.167864799499511719e+01
2.169375801086425781e+01
2.170879364013671875e+01
2.172388076782226562e+01
2.173891258239746094e+01
2.175396728515625000e+01
2.176898002624511719e+01
2.178401184082031250e+01
2.179898834228515625e+01
2.181402397155761719e+01
2.182897186279296875e+01
2.184396934509277344e+01
2.185889816284179688e+01
2.187385177612304688e+01
2.188875389099121094e+01
2.190368461608886719e+01
2.191860008239746094e+01
2.193349647521972656e+01
2.194837760925292969e+01
2.196325302124023438e+01
2.197809982299804688e+01
2.199293708801269531e+01
2.200774574279785156e+01
2.202252578735351562e+01
2.203730201721191406e+01
2.205208015441894531e+01
2.206683731079101562e+01
2.208156585693359375e+01
2.209630203247070312e+01
2.211100578308105469e+01
2.212570381164550781e+01
2.214036941528320312e+01
2.215503692626953125e+01
2.216969490051269531e+01
2.218433189392089844e+01
2.219910049438476562e+01
2.221379089355468750e+01
2.222843742370605469e+01
2.224309539794921875e+01
2.225773811340332031e+01
2.227235031127929688e+01
2.228693962097167969e+01
2.230155944824218750e+01
2.231611633300781250e+01
2.233066558837890625e+01
2.234519958496093750e+01
2.235970878601074219e+01
2.237422180175781250e+01
2.238870429992675781e+01
2.240316200256347656e+01
2.241762542724609375e+01
2.243206024169921875e+01
2.244649314880371094e+01
2.246091270446777344e+01
2.247532463073730469e+01
2.248970985412597656e+01
2.250409317016601562e+01
2.251843643188476562e+01
2.253280448913574219e+01
2.254708480834960938e+01
2.256140327453613281e+01
2.257567214965820312e+01
2.258996391296386719e+01
2.260467720031738281e+01
2.261910247802734375e+01
2.263354301452636719e+01
2.264800643920898438e+01
2.266234779357910156e+01
2.267667579650878906e+01
2.269093322753906250e+01
2.270524597167968750e+01
2.271949195861816406e+01
2.273371696472167969e+01
2.274791908264160156e+01
2.276210021972656250e+01
2.277624511718750000e+01
2.279041099548339844e+01
2.280451583862304688e+01
2.281863403320312500e+01
2.283270645141601562e+01
2.284680175781250000e+01
2.286078834533691406e+01
2.287486648559570312e+01
2.288881301879882812e+01
2.290283393859863281e+01
2.291679954528808594e+01
2.293079948425292969e+01
2.294470977783203125e+01
2.295870971679687500e+01
2.297259140014648438e+01
2.298651504516601562e+01
2.300046730041503906e+01
2.301417541503906250e+01
2.302813529968261719e+01
2.304205703735351562e+01
2.305597496032714844e+01
2.306989097595214844e+01
2.308375358581542969e+01
2.309765625000000000e+01
2.311146163940429688e+01
2.312531852722167969e+01
2.313913154602050781e+01
2.315292739868164062e+01
2.316672325134277344e+01
2.318047332763671875e+01
2.319419479370117188e+01
2.320793533325195312e+01
2.322165298461914062e+01
2.323536682128906250e+01
2.324905395507812500e+01
2.326273155212402344e+01
2.327636718750000000e+01
2.329005813598632812e+01
2.330371093750000000e+01
2.331738471984863281e+01
2.333100318908691406e+01
2.334464645385742188e+01
2.335827064514160156e+01
2.337189674377441406e+01
2.338551139831542969e+01
2.339909934997558594e+01
2.341264343261718750e+01
2.342619705200195312e+01
2.343972015380859375e+01
2.345326995849609375e+01
2.346683120727539062e+01
2.348037147521972656e+01
2.349390411376953125e+01
2.350743103027343750e+01
2.352091789245605469e+01
2.353446006774902344e+01
2.354795837402343750e+01
2.356160926818847656e+01
2.357499122619628906e+01
2.358846282958984375e+01
2.360185432434082031e+01
2.361527824401855469e+01
2.362864303588867188e+01
2.364316558837890625e+01
2.365697669982910156e+01
2.367073631286621094e+01
2.368444442749023438e+01
2.369808769226074219e+01
2.371184349060058594e+01
2.372552108764648438e+01
2.373913764953613281e+01
2.375278282165527344e+01
2.376635551452636719e+01
2.377990531921386719e+01
2.379339408874511719e+01
2.380692100524902344e+01
2.382035446166992188e+01
2.383378982543945312e+01
2.384718132019042969e+01
2.386058807373046875e+01
2.387393951416015625e+01
2.388727951049804688e+01
2.390056228637695312e+01
2.391387557983398438e+01
2.392714309692382812e+01
2.394034767150878906e+01
2.395355796813964844e+01
2.396673202514648438e+01
2.397990417480468750e+01
2.399303817749023438e+01
2.400617218017578125e+01
2.401928710937500000e+01
2.403240203857421875e+01
2.404549598693847656e+01
2.405858230590820312e+01
2.407166862487792969e+01
2.408473968505859375e+01
2.409776687622070312e+01
2.411081504821777344e+01
2.412383270263671875e+01
2.413684272766113281e+01
2.414981079101562500e+01
2.416279792785644531e+01
2.417574119567871094e+01
2.418870544433593750e+01
2.420164299011230469e+01
2.421459388732910156e+01
2.422750663757324219e+01
2.424044418334960938e+01
2.425331497192382812e+01
2.426619338989257812e+01
2.427908515930175781e+01
2.429197883605957031e+01
2.430482673645019531e+01
2.431770706176757812e+01
2.433056640625000000e+01
2.434340476989746094e+01
2.435624694824218750e+01
2.436907005310058594e+01
2.438190269470214844e+01
2.439469146728515625e+01
2.440749740600585938e+01
2.442027091979980469e+01
2.443302154541015625e+01
2.444578170776367188e+01
2.445853042602539062e+01
2.447125244140625000e+01
2.448396301269531250e+01
2.449667739868164062e+01
2.450935554504394531e+01
2.452206039428710938e+01
2.453470993041992188e+01
2.454739570617675781e+01
2.456005287170410156e+01
2.457273101806640625e+01
2.458537483215332031e+01
2.459804534912109375e+01
2.461067771911621094e+01
2.462332916259765625e+01
2.463593864440917969e+01
2.464854621887207031e+01
2.466117668151855469e+01
2.467381668090820312e+01
2.468644905090332031e+01
2.469907188415527344e+01
2.471168708801269531e+01
2.472432327270507812e+01
2.473690986633300781e+01
2.474948310852050781e+01
2.476200485229492188e+01
2.477450370788574219e+01
2.478700256347656250e+01
2.479950904846191406e+01
2.481200027465820312e+01
2.482450675964355469e+01
2.483696174621582031e+01
2.484944152832031250e+01
2.486186599731445312e+01
2.487430953979492188e+01
2.488673210144042969e+01
2.489919471740722656e+01
2.491158103942871094e+01
2.492401504516601562e+01
2.493637466430664062e+01
2.494878196716308594e+01
2.496110725402832031e+01
2.497349739074707031e+01
2.498581123352050781e+01
2.499820709228515625e+01
2.501053619384765625e+01
2.502288436889648438e+01
2.503519058227539062e+01
2.504752540588378906e+01
2.505979156494140625e+01
2.507209968566894531e+01
2.508435440063476562e+01
2.509664916992187500e+01
2.510887336730957031e+01
2.512114715576171875e+01
2.513336753845214844e+01
2.514565277099609375e+01
2.515785026550292969e+01
2.517007827758789062e+01
2.518227005004882812e+01
2.519447898864746094e+01
2.520667648315429688e+01
2.521885681152343750e+01
2.523102378845214844e+01
2.524319839477539062e+01
2.525535392761230469e+01
2.526753616333007812e+01
2.527965927124023438e+01
2.529181289672851562e+01
2.530389404296875000e+01
2.531602287292480469e+01
2.532807159423828125e+01
2.534019470214843750e+01
2.535223960876464844e+01
2.536433601379394531e+01
2.537639427185058594e+01
2.538846015930175781e+01
2.540048217773437500e+01
2.541256332397460938e+01
2.542457199096679688e+01
2.543662643432617188e+01
2.544860839843750000e+01
2.546063423156738281e+01
2.547261238098144531e+01
2.548463630676269531e+01
2.549661827087402344e+01
2.550862884521484375e+01
2.552057838439941406e+01
2.553256988525390625e+01
2.554450607299804688e+01
2.555648612976074219e+01
2.556840324401855469e+01
2.558038330078125000e+01
2.559227943420410156e+01
2.560422325134277344e+01
2.561611175537109375e+01
2.562803459167480469e+01
2.563992309570312500e+01
2.565183258056640625e+01
2.566370964050292969e+01
2.567560005187988281e+01
2.568745231628417969e+01
2.569930076599121094e+01
2.571111106872558594e+01
2.572295951843261719e+01
2.573475456237792969e+01
2.574664115905761719e+01
2.575840568542480469e+01
2.577022171020507812e+01
2.578203582763671875e+01
2.579387283325195312e+01
2.580566215515136719e+01
2.581743812561035156e+01
2.582917594909667969e+01
2.584097099304199219e+01
2.585268020629882812e+01
2.586446189880371094e+01
2.587615966796875000e+01
2.588789176940917969e+01
2.589957046508789062e+01
2.591131591796875000e+01
2.592297935485839844e+01
2.593470954895019531e+01
2.594637489318847656e+01
2.595808219909667969e+01
2.596972846984863281e+01
2.598140907287597656e+01
2.599306488037109375e+01
2.600471687316894531e+01
2.601634788513183594e+01
2.602801895141601562e+01
2.603960037231445312e+01
2.605122756958007812e+01
2.606281852722167969e+01
2.607443618774414062e+01
2.608602142333984375e+01
2.609764862060546875e+01
2.610920524597167969e+01
2.612088012695312500e+01
2.613238906860351562e+01
2.614404869079589844e+01
2.615560150146484375e+01
2.616723060607910156e+01
2.617879676818847656e+01
2.619042396545410156e+01
2.620196914672851562e+01
2.621354866027832031e+01
2.622505569458007812e+01
2.623660469055175781e+01
2.624805450439453125e+01
2.625958824157714844e+01
2.627100944519042969e+01
2.628251266479492188e+01
2.629355049133300781e+01
2.630491828918457031e+01
2.631612777709960938e+01
2.632744216918945312e+01
2.633874511718750000e+01
2.635008430480957031e+01
2.636138153076171875e+01
2.637271308898925781e+01
2.638401794433593750e+01
2.639533996582031250e+01
2.640665245056152344e+01
2.641796684265136719e+01
2.642929077148437500e+01
2.644065093994140625e+01
2.645192337036132812e+01
2.646333694458007812e+01
2.647459983825683594e+01
2.648592948913574219e+01
2.649724197387695312e+01
2.650856208801269531e+01
2.651990318298339844e+01
2.653122520446777344e+01
2.654257583618164062e+01
2.655383300781250000e+01
2.656518936157226562e+01
2.657648277282714844e+01
2.658771324157714844e+01
2.659898376464843750e+01
2.661022567749023438e+01
2.662149047851562500e+01
2.663272666931152344e+01
2.664396476745605469e+01
2.665517234802246094e+01
