0.000000000000000000e+00
2.384190338489133865e-07
3.089057803153991699e-01
8.135383725166320801e-01
1.473182559013366699e+00
2.169693231582641602e+00
2.758142471313476562e+00
3.294295072555541992e+00
3.800230741500854492e+00
4.256065368652343750e+00
4.670490741729736328e+00
5.047510147094726562e+00
5.388422489166259766e+00
5.697463035583496094e+00
5.976582527160644531e+00
6.228426456451416016e+00
6.456217765808105469e+00
6.661519050598144531e+00
6.846500396728515625e+00
7.013191699981689453e+00
7.163041591644287109e+00
7.297799110412597656e+00
7.418848991394042969e+00
7.527345657348632812e+00
7.624741077423095703e+00
7.714838027954101562e+00
7.795958518981933594e+00
7.869531154632568359e+00
7.935867309570312500e+00
7.995618820190429688e+00
8.049301147460937500e+00
8.097557067871093750e+00
8.140709877014160156e+00
8.179144859313964844e+00
8.213545799255371094e+00
8.244107246398925781e+00
8.271313667297363281e+00
8.295236587524414062e+00
8.316504478454589844e+00
8.335178375244140625e+00
8.351904869079589844e+00
8.366524696350097656e+00
8.381524085998535156e+00
8.394990921020507812e+00
8.407649040222167969e+00
8.419268608093261719e+00
8.429791450500488281e+00
8.439269065856933594e+00
8.447798728942871094e+00
8.455253601074218750e+00
8.466556549072265625e+00
8.481578826904296875e+00
8.498111724853515625e+00
8.515728950500488281e+00
8.533716201782226562e+00
8.551842689514160156e+00
8.569610595703125000e+00
8.586757659912109375e+00
8.603051185607910156e+00
8.618767738342285156e+00
8.633320808410644531e+00
8.647001266479492188e+00
8.659665107727050781e+00
8.671111106872558594e+00
8.681743621826171875e+00
8.691176414489746094e+00
8.699694633483886719e+00
8.707219123840332031e+00
8.713903427124023438e+00
8.719592094421386719e+00
8.724559783935546875e+00
8.728751182556152344e+00
8.732721328735351562e+00
8.736175537109375000e+00
8.739248275756835938e+00
8.741806983947753906e+00
8.743995666503906250e+00
8.745759010314941406e+00
8.747087478637695312e+00
8.748010635375976562e+00
8.748587608337402344e+00
8.748791694641113281e+00
8.748622894287109375e+00
8.748284339904785156e+00
8.747539520263671875e+00
8.746679306030273438e+00
8.745498657226562500e+00
8.744177818298339844e+00
8.742607116699218750e+00
8.740903854370117188e+00
8.738974571228027344e+00
8.736982345581054688e+00
8.734832763671875000e+00
8.732635498046875000e+00
8.730302810668945312e+00
8.727929115295410156e+00
8.725424766540527344e+00
8.722915649414062500e+00
8.720284461975097656e+00
8.717646598815917969e+00
8.714958190917968750e+00
8.712244033813476562e+00
8.709506034851074219e+00
8.706756591796875000e+00
8.704002380371093750e+00
8.701222419738769531e+00
8.698423385620117188e+00
8.695599555969238281e+00
8.692780494689941406e+00
8.689965248107910156e+00
8.687144279479980469e+00
8.684321403503417969e+00
8.681483268737792969e+00
8.678674697875976562e+00
8.675875663757324219e+00
8.673128128051757812e+00
8.670329093933105469e+00
8.667546272277832031e+00
8.664752006530761719e+00
8.661988258361816406e+00
8.659196853637695312e+00
8.656487464904785156e+00
8.653698921203613281e+00
8.650995254516601562e+00
8.648247718811035156e+00
8.645515441894531250e+00
8.642800331115722656e+00
8.640112876892089844e+00
8.637426376342773438e+00
8.634780883789062500e+00
8.632135391235351562e+00
8.629551887512207031e+00
8.626904487609863281e+00
8.624348640441894531e+00
8.621821403503417969e+00
8.619272232055664062e+00
8.616765975952148438e+00
8.614358901977539062e+00
8.611916542053222656e+00
8.609505653381347656e+00
8.607091903686523438e+00
8.604713439941406250e+00
8.602329254150390625e+00
8.599927902221679688e+00
8.597555160522460938e+00
8.595227241516113281e+00
8.592863082885742188e+00
8.590574264526367188e+00
8.588261604309082031e+00
8.585985183715820312e+00
8.583660125732421875e+00
8.581369400024414062e+00
8.579085350036621094e+00
8.576852798461914062e+00
8.574581146240234375e+00
8.572341918945312500e+00
8.570035934448242188e+00
8.567806243896484375e+00
8.565586090087890625e+00
8.563426017761230469e+00
8.561243057250976562e+00
8.559064865112304688e+00
8.556918144226074219e+00
8.554734230041503906e+00
8.552588462829589844e+00
8.550410270690917969e+00
8.548375129699707031e+00
8.546164512634277344e+00
8.544109344482421875e+00
8.541971206665039062e+00
8.539901733398437500e+00
8.537753105163574219e+00
8.535669326782226562e+00
8.533590316772460938e+00
8.531521797180175781e+00
8.529492378234863281e+00
8.527486801147460938e+00
8.525463104248046875e+00
8.523414611816406250e+00
8.521387100219726562e+00
8.519342422485351562e+00
8.517333030700683594e+00
8.515324592590332031e+00
8.513330459594726562e+00
8.511322021484375000e+00
8.509339332580566406e+00
8.507317543029785156e+00
8.505367279052734375e+00
8.503356933593750000e+00
8.501405715942382812e+00
8.499436378479003906e+00
8.497492790222167969e+00
8.495541572570800781e+00
8.493580818176269531e+00
8.491642951965332031e+00
8.489684104919433594e+00
8.487845420837402344e+00
8.485870361328125000e+00
8.483964920043945312e+00
8.482269287109375000e+00
8.480489730834960938e+00
8.478734970092773438e+00
8.476971626281738281e+00
8.475287437438964844e+00
8.473593711853027344e+00
8.471835136413574219e+00
8.470129966735839844e+00
8.468448638916015625e+00
8.466801643371582031e+00
8.465138435363769531e+00
8.463500976562500000e+00
8.461830139160156250e+00
8.460177421569824219e+00
8.458499908447265625e+00
8.456827163696289062e+00
8.455852508544921875e+00
8.455224990844726562e+00
8.454969406127929688e+00
8.454909324645996094e+00
8.454950332641601562e+00
8.455028533935546875e+00
8.455130577087402344e+00
8.455178260803222656e+00
8.455140113830566406e+00
8.455034255981445312e+00
8.454889297485351562e+00
8.454658508300781250e+00
8.454352378845214844e+00
8.453917503356933594e+00
8.453447341918945312e+00
8.452831268310546875e+00
8.452176094055175781e+00
8.451391220092773438e+00
8.450558662414550781e+00
8.449646949768066406e+00
8.448679924011230469e+00
8.447628021240234375e+00
8.446571350097656250e+00
8.445418357849121094e+00
8.444288253784179688e+00
8.442995071411132812e+00
8.441819190979003906e+00
8.440560340881347656e+00
8.439371109008789062e+00
8.438104629516601562e+00
8.436883926391601562e+00
8.435591697692871094e+00
8.434324264526367188e+00
8.433034896850585938e+00
8.431684494018554688e+00
8.430418968200683594e+00
8.429054260253906250e+00
8.427668571472167969e+00
8.426305770874023438e+00
8.424915313720703125e+00
8.423544883728027344e+00
8.422153472900390625e+00
8.420733451843261719e+00
8.419276237487792969e+00
8.417858123779296875e+00
8.416448593139648438e+00
8.414945602416992188e+00
8.413517951965332031e+00
8.412026405334472656e+00
8.410548210144042969e+00
8.409110069274902344e+00
8.407659530639648438e+00
8.406170845031738281e+00
8.404723167419433594e+00
8.403242111206054688e+00
8.401782989501953125e+00
8.400356292724609375e+00
8.398867607116699219e+00
8.397454261779785156e+00
8.395915985107421875e+00
8.394509315490722656e+00
8.393071174621582031e+00
8.391693115234375000e+00
8.390224456787109375e+00
8.388799667358398438e+00
8.387453079223632812e+00
8.386490821838378906e+00
8.385718345642089844e+00
8.385131835937500000e+00
8.384668350219726562e+00
8.384291648864746094e+00
8.383936882019042969e+00
8.383533477783203125e+00
8.383213043212890625e+00
8.382745742797851562e+00
8.382338523864746094e+00
8.381793975830078125e+00
8.381305694580078125e+00
8.380696296691894531e+00
8.380021095275878906e+00
8.379381179809570312e+00
8.378602027893066406e+00
8.377869606018066406e+00
8.377035140991210938e+00
8.376216888427734375e+00
8.375343322753906250e+00
8.374468803405761719e+00
8.373518943786621094e+00
8.372515678405761719e+00
8.371545791625976562e+00
8.370505332946777344e+00
8.369420051574707031e+00
8.368341445922851562e+00
8.367228507995605469e+00
8.366118431091308594e+00
8.364978790283203125e+00
8.363797187805175781e+00
8.362604141235351562e+00
8.361414909362792969e+00
8.360205650329589844e+00
8.358980178833007812e+00
8.357769966125488281e+00
8.356515884399414062e+00
8.355261802673339844e+00
8.354273796081542969e+00
8.353678703308105469e+00
8.353103637695312500e+00
8.352547645568847656e+00
8.352159500122070312e+00
8.351732254028320312e+00
8.351407051086425781e+00
8.351074218750000000e+00
8.351485252380371094e+00
8.352254867553710938e+00
8.353278160095214844e+00
8.354522705078125000e+00
8.355759620666503906e+00
8.357038497924804688e+00
8.358216285705566406e+00
8.359339714050292969e+00
8.360300064086914062e+00
8.361207008361816406e+00
8.361971855163574219e+00
8.362625122070312500e+00
8.363057136535644531e+00
8.363452911376953125e+00
8.363600730895996094e+00
8.363755226135253906e+00
8.363802909851074219e+00
8.363744735717773438e+00
8.363565444946289062e+00
8.363333702087402344e+00
8.363012313842773438e+00
8.362675666809082031e+00
8.362197875976562500e+00
8.361688613891601562e+00
8.361126899719238281e+00
8.360509872436523438e+00
8.359821319580078125e+00
8.359109878540039062e+00
8.358316421508789062e+00
8.357552528381347656e+00
8.356655120849609375e+00
8.355865478515625000e+00
8.354911804199218750e+00
8.354027748107910156e+00
8.353034973144531250e+00
8.352107048034667969e+00
8.351094245910644531e+00
8.350106239318847656e+00
8.349059104919433594e+00
8.348010063171386719e+00
8.346936225891113281e+00
8.345890998840332031e+00
8.344813346862792969e+00
8.343791961669921875e+00
8.342643737792968750e+00
8.341587066650390625e+00
8.340411186218261719e+00
8.339383125305175781e+00
8.338233947753906250e+00
8.337185859680175781e+00
8.335992813110351562e+00
8.334733963012695312e+00
8.333557128906250000e+00
8.332544326782226562e+00
8.331634521484375000e+00
8.330694198608398438e+00
8.329957962036132812e+00
8.329339027404785156e+00
8.328716278076171875e+00
8.328198432922363281e+00
8.327712059020996094e+00
8.327188491821289062e+00
8.326662063598632812e+00
8.326096534729003906e+00
8.325508117675781250e+00
8.324867248535156250e+00
8.324242591857910156e+00
8.323504447937011719e+00
8.322856903076171875e+00
8.322107315063476562e+00
8.321393013000488281e+00
8.320572853088378906e+00
8.319779396057128906e+00
8.318922042846679688e+00
8.318143844604492188e+00
8.317279815673828125e+00
8.316427230834960938e+00
8.315490722656250000e+00
8.314624786376953125e+00
8.313687324523925781e+00
8.312833786010742188e+00
8.311962127685546875e+00
8.311049461364746094e+00
8.309991836547851562e+00
8.309058189392089844e+00
8.308045387268066406e+00
8.307125091552734375e+00
8.306134223937988281e+00
8.305235862731933594e+00
8.304236412048339844e+00
8.303271293640136719e+00
8.302275657653808594e+00
8.301262855529785156e+00
8.300234794616699219e+00
8.299256324768066406e+00
8.298274040222167969e+00
8.297289848327636719e+00
8.296308517456054688e+00
8.295302391052246094e+00
8.294306755065917969e+00
8.293257713317871094e+00
8.292246818542480469e+00
8.291223526000976562e+00
8.290209770202636719e+00
8.289257049560546875e+00
8.288217544555664062e+00
8.287259101867675781e+00
8.286240577697753906e+00
8.285284996032714844e+00
8.284243583679199219e+00
8.283300399780273438e+00
8.282267570495605469e+00
8.281347274780273438e+00
8.280392646789550781e+00
8.279438018798828125e+00
8.278484344482421875e+00
8.277478218078613281e+00
8.276577949523925781e+00
8.275592803955078125e+00
8.274579048156738281e+00
8.273671150207519531e+00
8.272699356079101562e+00
8.271742820739746094e+00
8.270804405212402344e+00
8.269818305969238281e+00
8.268861770629882812e+00
8.267963409423828125e+00
8.267000198364257812e+00
8.266092300415039062e+00
8.265173912048339844e+00
8.264211654663085938e+00
8.263228416442871094e+00
8.262302398681640625e+00
8.261356353759765625e+00
8.260416030883789062e+00
8.259491920471191406e+00
8.258519172668457031e+00
8.257543563842773438e+00
8.256606101989746094e+00
8.255662918090820312e+00
8.254795074462890625e+00
8.253822326660156250e+00
8.252917289733886719e+00
8.251986503601074219e+00
8.251055717468261719e+00
8.250129699707031250e+00
8.249214172363281250e+00
8.248319625854492188e+00
8.247404098510742188e+00
8.246562957763671875e+00
8.245621681213378906e+00
8.244755744934082031e+00
8.243795394897460938e+00
8.242954254150390625e+00
8.242229461669921875e+00
8.241722106933593750e+00
8.241127967834472656e+00
8.240630149841308594e+00
8.240100860595703125e+00
8.239666938781738281e+00
8.239178657531738281e+00
8.238721847534179688e+00
8.238233566284179688e+00
8.237683296203613281e+00
8.237123489379882812e+00
8.236554145812988281e+00
8.235975265502929688e+00
8.235366821289062500e+00
8.234745979309082031e+00
8.234114646911621094e+00
8.233481407165527344e+00
8.232786178588867188e+00
8.232119560241699219e+00
8.231426239013671875e+00
8.230680465698242188e+00
8.229980468750000000e+00
8.229263305664062500e+00
8.228498458862304688e+00
8.227756500244140625e+00
8.226937294006347656e+00
8.226222038269042969e+00
8.225444793701171875e+00
8.224658012390136719e+00
8.223826408386230469e+00
8.223011970520019531e+00
8.222178459167480469e+00
8.221402168273925781e+00
8.220600128173828125e+00
8.219782829284667969e+00
8.218972206115722656e+00
8.218163490295410156e+00
8.217294692993164062e+00
8.216493606567382812e+00
8.215622901916503906e+00
8.214793205261230469e+00
8.213905334472656250e+00
8.213040351867675781e+00
8.212182044982910156e+00
8.211370468139648438e+00
8.210489273071289062e+00
8.209645271301269531e+00
8.208802223205566406e+00
8.208006858825683594e+00
8.207172393798828125e+00
8.206459045410156250e+00
8.205535888671875000e+00
8.204875946044921875e+00
8.203960418701171875e+00
8.203195571899414062e+00
8.202305793762207031e+00
8.201565742492675781e+00
8.200708389282226562e+00
8.199924468994140625e+00
8.199054718017578125e+00
8.198288917541503906e+00
8.197396278381347656e+00
8.196491241455078125e+00
8.195645332336425781e+00
8.194703102111816406e+00
8.193851470947265625e+00
8.192994117736816406e+00
8.192210197448730469e+00
8.191409111022949219e+00
8.190624237060546875e+00
8.189847946166992188e+00
8.189016342163085938e+00
8.188261032104492188e+00
8.187411308288574219e+00
8.186615943908691406e+00
8.185865402221679688e+00
8.185073852539062500e+00
8.184334754943847656e+00
8.183527946472167969e+00
8.182809829711914062e+00
8.182028770446777344e+00
8.181273460388183594e+00
8.180511474609375000e+00
8.179737091064453125e+00
8.178959846496582031e+00
8.178157806396484375e+00
8.177423477172851562e+00
8.176664352416992188e+00
8.175911903381347656e+00
8.175112724304199219e+00
8.174370765686035156e+00
8.173565864562988281e+00
8.172901153564453125e+00
8.172308921813964844e+00
8.171912193298339844e+00
8.171922683715820312e+00
8.171877861022949219e+00
8.171913146972656250e+00
8.172029495239257812e+00
8.172142028808593750e+00
8.172239303588867188e+00
8.172287940979003906e+00
8.172295570373535156e+00
8.172248840332031250e+00
8.172189712524414062e+00
8.172021865844726562e+00
8.171873092651367188e+00
8.171808242797851562e+00
8.171846389770507812e+00
8.171864509582519531e+00
8.171865463256835938e+00
8.171796798706054688e+00
8.171751976013183594e+00
8.171651840209960938e+00
8.171482086181640625e+00
8.171353340148925781e+00
8.171300888061523438e+00
8.171142578125000000e+00
8.171030044555664062e+00
8.170850753784179688e+00
8.170708656311035156e+00
8.170476913452148438e+00
8.170257568359375000e+00
8.169984817504882812e+00
8.169656753540039062e+00
8.169348716735839844e+00
8.169013023376464844e+00
8.168622016906738281e+00
8.168203353881835938e+00
8.167769432067871094e+00
8.167312622070312500e+00
8.166817665100097656e+00
8.166322708129882812e+00
8.165784835815429688e+00
8.165230751037597656e+00
8.164641380310058594e+00
8.164096832275390625e+00
8.163471221923828125e+00
8.162857055664062500e+00
8.162206649780273438e+00
8.161540985107421875e+00
8.160869598388671875e+00
8.160219192504882812e+00
8.159441947937011719e+00
8.158762931823730469e+00
8.158014297485351562e+00
8.157349586486816406e+00
8.156649589538574219e+00
8.155965805053710938e+00
8.155236244201660156e+00
8.154482841491699219e+00
8.153778076171875000e+00
8.153038024902343750e+00
8.152290344238281250e+00
8.151576995849609375e+00
8.150840759277343750e+00
8.150145530700683594e+00
8.149471282958984375e+00
8.148779869079589844e+00
8.148041725158691406e+00
8.147341728210449219e+00
8.146637916564941406e+00
8.145922660827636719e+00
8.145215034484863281e+00
8.144522666931152344e+00
8.143827438354492188e+00
8.143153190612792969e+00
8.142416954040527344e+00
8.141745567321777344e+00
8.140933990478515625e+00
8.140329360961914062e+00
8.139821052551269531e+00
8.139329910278320312e+00
8.138850212097167969e+00
8.138430595397949219e+00
8.138016700744628906e+00
8.137529373168945312e+00
8.137098312377929688e+00
8.136674880981445312e+00
8.136234283447265625e+00
8.135814666748046875e+00
8.135321617126464844e+00
8.134864807128906250e+00
8.134402275085449219e+00
8.133898735046386719e+00
8.133372306823730469e+00
8.132839202880859375e+00
8.132259368896484375e+00
8.131692886352539062e+00
8.131103515625000000e+00
8.130517005920410156e+00
8.129934310913085938e+00
8.129313468933105469e+00
8.128770828247070312e+00
8.128147125244140625e+00
8.127550125122070312e+00
8.126945495605468750e+00
8.128539085388183594e+00
8.131031036376953125e+00
8.134184837341308594e+00
8.137917518615722656e+00
8.142151832580566406e+00
8.146522521972656250e+00
8.150957107543945312e+00
8.155150413513183594e+00
8.159295082092285156e+00
8.163225173950195312e+00
8.166897773742675781e+00
8.170350074768066406e+00
8.173534393310546875e+00
8.176409721374511719e+00
8.179070472717285156e+00
8.181488037109375000e+00
8.183635711669921875e+00
8.185575485229492188e+00
8.187370300292968750e+00
8.188864707946777344e+00
8.190308570861816406e+00
8.191466331481933594e+00
8.192488670349121094e+00
8.193313598632812500e+00
8.194092750549316406e+00
8.194603919982910156e+00
8.195124626159667969e+00
8.195525169372558594e+00
8.195708274841308594e+00
8.196284294128417969e+00
8.196425437927246094e+00
8.196650505065917969e+00
8.196761131286621094e+00
8.196870803833007812e+00
8.196964263916015625e+00
8.196969032287597656e+00
8.197048187255859375e+00
8.197035789489746094e+00
8.196994781494140625e+00
8.196969032287597656e+00
8.196817398071289062e+00
8.196746826171875000e+00
8.196642875671386719e+00
8.196464538574218750e+00
8.196232795715332031e+00
8.195986747741699219e+00
8.195695877075195312e+00
8.195412635803222656e+00
8.195136070251464844e+00
8.194718360900878906e+00
8.194310188293457031e+00
8.193839073181152344e+00
8.193408966064453125e+00
8.192924499511718750e+00
8.192424774169921875e+00
8.191892623901367188e+00
8.191321372985839844e+00
8.190823554992675781e+00
8.190293312072753906e+00
8.189793586730957031e+00
8.189329147338867188e+00
8.188776969909667969e+00
8.188129425048828125e+00
8.187531471252441406e+00
8.186901092529296875e+00
8.186284065246582031e+00
8.185687065124511719e+00
8.184993743896484375e+00
8.184388160705566406e+00
8.183892250061035156e+00
8.183825492858886719e+00
8.183694839477539062e+00
8.183659553527832031e+00
8.183592796325683594e+00
8.183558464050292969e+00
8.199741363525390625e+00
8.218369483947753906e+00
8.241120338439941406e+00
8.266302108764648438e+00
8.292851448059082031e+00
8.319399833679199219e+00
8.345852851867675781e+00
8.371668815612792969e+00
8.396379470825195312e+00
8.419894218444824219e+00
8.442069053649902344e+00
8.462821960449218750e+00
8.482003211975097656e+00
8.499821662902832031e+00
8.516229629516601562e+00
8.531265258789062500e+00
8.544982910156250000e+00
8.557497978210449219e+00
8.568903923034667969e+00
8.579274177551269531e+00
8.588582038879394531e+00
8.597032546997070312e+00
8.604737281799316406e+00
8.611607551574707031e+00
8.617815971374511719e+00
8.623344421386718750e+00
8.628337860107421875e+00
8.632764816284179688e+00
8.636730194091796875e+00
8.640208244323730469e+00
8.643304824829101562e+00
8.646039962768554688e+00
8.648385047912597656e+00
8.650482177734375000e+00
8.652307510375976562e+00
8.653897285461425781e+00
8.655221939086914062e+00
8.656414985656738281e+00
8.657394409179687500e+00
8.658247947692871094e+00
8.658954620361328125e+00
8.659512519836425781e+00
8.659920692443847656e+00
8.660246849060058594e+00
8.660490989685058594e+00
8.660612106323242188e+00
8.660735130310058594e+00
8.660802841186523438e+00
8.660698890686035156e+00
8.660552024841308594e+00
8.660378456115722656e+00
8.660098075866699219e+00
8.659774780273437500e+00
8.659488677978515625e+00
8.659099578857421875e+00
8.658745765686035156e+00
8.658290863037109375e+00
8.657904624938964844e+00
8.657412528991699219e+00
8.656971931457519531e+00
8.656527519226074219e+00
8.656030654907226562e+00
8.655523300170898438e+00
8.655041694641113281e+00
8.654531478881835938e+00
8.654002189636230469e+00
8.653483390808105469e+00
8.652939796447753906e+00
8.652405738830566406e+00
8.651854515075683594e+00
8.651280403137207031e+00
8.650665283203125000e+00
8.650057792663574219e+00
8.649445533752441406e+00
8.648818016052246094e+00
8.648179054260253906e+00
8.647547721862792969e+00
8.646935462951660156e+00
8.646227836608886719e+00
8.645524024963378906e+00
8.644817352294921875e+00
8.644145965576171875e+00
8.643453598022460938e+00
8.642707824707031250e+00
8.642014503479003906e+00
8.641357421875000000e+00
8.640748977661132812e+00
8.640191078186035156e+00
8.639586448669433594e+00
8.638976097106933594e+00
8.638317108154296875e+00
8.637677192687988281e+00
8.637057304382324219e+00
8.636448860168457031e+00
8.635854721069335938e+00
8.635292053222656250e+00
8.634670257568359375e+00
8.633996009826660156e+00
8.633392333984375000e+00
8.632734298706054688e+00
8.632146835327148438e+00
8.631516456604003906e+00
8.630961418151855469e+00
8.630342483520507812e+00
8.629751205444335938e+00
8.629067420959472656e+00
8.628451347351074219e+00
8.627815246582031250e+00
8.627204895019531250e+00
8.626572608947753906e+00
8.625992774963378906e+00
8.625382423400878906e+00
8.624780654907226562e+00
8.624160766601562500e+00
8.623589515686035156e+00
8.622988700866699219e+00
8.622377395629882812e+00
8.621686935424804688e+00
8.621099472045898438e+00
8.620479583740234375e+00
8.619886398315429688e+00
8.619275093078613281e+00
8.618631362915039062e+00
8.618048667907714844e+00
8.617444992065429688e+00
8.616841316223144531e+00
8.616211891174316406e+00
8.615565299987792969e+00
8.614973068237304688e+00
8.614351272583007812e+00
8.613795280456542969e+00
8.613206863403320312e+00
8.612671852111816406e+00
8.612054824829101562e+00
8.611512184143066406e+00
8.610902786254882812e+00
8.610302925109863281e+00
8.609733581542968750e+00
8.609175682067871094e+00
8.608537673950195312e+00
8.607963562011718750e+00
8.607343673706054688e+00
8.606794357299804688e+00
8.606209754943847656e+00
8.605646133422851562e+00
8.605031013488769531e+00
8.604425430297851562e+00
8.603801727294921875e+00
8.603226661682128906e+00
8.602610588073730469e+00
8.602034568786621094e+00
8.601419448852539062e+00
8.600847244262695312e+00
8.600192070007324219e+00
8.599626541137695312e+00
8.599023818969726562e+00
8.598433494567871094e+00
8.597840309143066406e+00
8.597247123718261719e+00
8.596630096435546875e+00
8.596024513244628906e+00
8.595412254333496094e+00
8.594819068908691406e+00
8.594282150268554688e+00
8.593746185302734375e+00
8.593173980712890625e+00
8.592617988586425781e+00
8.591916084289550781e+00
8.591355323791503906e+00
8.590773582458496094e+00
8.590091705322265625e+00
8.589447975158691406e+00
8.588813781738281250e+00
8.588262557983398438e+00
8.587701797485351562e+00
8.587051391601562500e+00
8.586539268493652344e+00
8.585896492004394531e+00
8.585373878479003906e+00
8.584813117980957031e+00
8.584280014038085938e+00
8.583650588989257812e+00
8.583127975463867188e+00
8.582518577575683594e+00
8.581968307495117188e+00
8.581354141235351562e+00
8.580819129943847656e+00
8.580253601074218750e+00
8.579647064208984375e+00
8.579113006591796875e+00
8.578539848327636719e+00
8.577907562255859375e+00
8.577399253845214844e+00
8.576862335205078125e+00
8.576323509216308594e+00
8.575755119323730469e+00
8.575193405151367188e+00
8.574561119079589844e+00
8.574012756347656250e+00
8.573297500610351562e+00
8.572881698608398438e+00
8.572196960449218750e+00
8.571668624877929688e+00
8.571052551269531250e+00
8.570482254028320312e+00
8.569841384887695312e+00
8.569300651550292969e+00
8.568723678588867188e+00
8.568222045898437500e+00
8.567670822143554688e+00
8.567245483398437500e+00
8.566699028015136719e+00
8.566313743591308594e+00
8.565783500671386719e+00
8.566047668457031250e+00
8.565957069396972656e+00
8.566351890563964844e+00
8.566360473632812500e+00
8.566276550292968750e+00
8.566158294677734375e+00
8.566020011901855469e+00
8.565856933593750000e+00
8.565593719482421875e+00
8.565327644348144531e+00
8.564996719360351562e+00
8.564706802368164062e+00
8.564303398132324219e+00
8.563834190368652344e+00
8.563529014587402344e+00
8.562913894653320312e+00
8.562525749206542969e+00
8.562084197998046875e+00
8.561547279357910156e+00
8.561030387878417969e+00
8.560416221618652344e+00
8.559825897216796875e+00
8.559186935424804688e+00
8.558693885803222656e+00
8.557998657226562500e+00
8.557421684265136719e+00
8.557000160217285156e+00
8.556509017944335938e+00
8.556014060974121094e+00
8.555470466613769531e+00
8.554944038391113281e+00
8.554460525512695312e+00
8.553973197937011719e+00
