5.564450000000000000e+04
2.991460937500000000e+04
2.003198437500000000e+04
1.312759375000000000e+04
7.842044921875000000e+03
3.603146728515625000e+03
1.010600128173828125e+02
-2.833364746093750000e+03
4.071516406250000000e+04
2.228427539062500000e+04
9.362508789062500000e+03
3.277001953125000000e+02
-4.749966796875000000e+03
-7.061523437500000000e+03
-9.153777343750000000e+03
-1.055086328125000000e+04
-1.229488476562500000e+04
-1.309846289062500000e+04
-1.405519433593750000e+04
-1.452965234375000000e+04
-1.494678222656250000e+04
-1.525690429687500000e+04
-1.510604492187500000e+04
-1.392485742187500000e+04
-1.378375781250000000e+04
-1.430486523437500000e+04
-1.500258789062500000e+04
-1.587156054687500000e+04
-1.661814453125000000e+04
-1.736054296875000000e+04
-1.808417968750000000e+04
-1.877766796875000000e+04
-1.952746484375000000e+04
-2.009507031250000000e+04
-2.060365625000000000e+04
-2.121492968750000000e+04
-2.169039648437500000e+04
-2.209869335937500000e+04
-2.257159375000000000e+04
-2.309609765625000000e+04
-2.349744726562500000e+04
-2.398258398437500000e+04
-2.442188867187500000e+04
-2.486241992187500000e+04
-2.531313671875000000e+04
-2.575318945312500000e+04
-2.617529296875000000e+04
-2.655212890625000000e+04
-2.690943359375000000e+04
-2.722233398437500000e+04
-2.754237890625000000e+04
-2.789816406250000000e+04
-2.818972265625000000e+04
-2.851529296875000000e+04
-2.882838476562500000e+04
-2.912362109375000000e+04
-2.941161328125000000e+04
-2.965321093750000000e+04
-2.992352734375000000e+04
-3.018060937500000000e+04
-3.045131640625000000e+04
-3.068056640625000000e+04
-3.093816210937500000e+04
-3.118810937500000000e+04
-3.142667578125000000e+04
-3.163468750000000000e+04
-3.182726367187500000e+04
-3.202524414062500000e+04
-3.222754101562500000e+04
-3.244646679687500000e+04
-3.265415625000000000e+04
-3.286244531250000000e+04
-3.306535156250000000e+04
-3.328867187500000000e+04
-3.345390625000000000e+04
-3.365218750000000000e+04
-3.383174218750000000e+04
-3.402015234375000000e+04
-3.420611718750000000e+04
-3.437249218750000000e+04
-3.455846875000000000e+04
-3.470734375000000000e+04
-3.487253906250000000e+04
-3.501997265625000000e+04
-3.517033203125000000e+04
-3.535032031250000000e+04
-3.551353906250000000e+04
-3.569923046875000000e+04
-3.587220703125000000e+04
-3.603775781250000000e+04
-3.620742578125000000e+04
-3.636539062500000000e+04
-3.651674609375000000e+04
-3.667072656250000000e+04
-3.683228125000000000e+04
-3.698021093750000000e+04
-3.710680078125000000e+04
-3.726465625000000000e+04
-3.739677343750000000e+04
-3.752051562500000000e+04
-3.763710546875000000e+04
-3.775553125000000000e+04
-3.788709765625000000e+04
-3.802069921875000000e+04
-3.813537109375000000e+04
-3.822903125000000000e+04
-3.832827343750000000e+04
-3.844225781250000000e+04
-3.856023437500000000e+04
-3.867661328125000000e+04
-3.879938671875000000e+04
-3.892366796875000000e+04
-3.901460937500000000e+04
-3.914244531250000000e+04
-3.924930859375000000e+04
-3.935366406250000000e+04
-3.946567187500000000e+04
-3.955859375000000000e+04
-3.964803125000000000e+04
-3.973021093750000000e+04
-3.983566406250000000e+04
-3.993250000000000000e+04
-4.002729687500000000e+04
-4.012647656250000000e+04
-4.022222656250000000e+04
-4.030921484375000000e+04
-4.039960156250000000e+04
-4.051395312500000000e+04
-4.059675390625000000e+04
-4.068951171875000000e+04
-4.078373437500000000e+04
-4.086940234375000000e+04
-4.097129296875000000e+04
-4.106294921875000000e+04
-4.115539062500000000e+04
-4.124368359375000000e+04
-4.133340625000000000e+04
-4.141432812500000000e+04
-4.150118750000000000e+04
-4.159137500000000000e+04
-4.166712500000000000e+04
-4.175406250000000000e+04
-4.183734375000000000e+04
-4.192376171875000000e+04
-4.200665234375000000e+04
-4.209047265625000000e+04
-4.217335156250000000e+04
-4.225030078125000000e+04
-4.233200000000000000e+04
-4.241559375000000000e+04
-4.249325000000000000e+04
-4.257225390625000000e+04
-4.265198437500000000e+04
-4.273265625000000000e+04
-4.282134375000000000e+04
-4.289298046875000000e+04
-4.295983984375000000e+04
-4.303548437500000000e+04
-4.311150390625000000e+04
-4.318671484375000000e+04
-4.326135937500000000e+04
-4.333098828125000000e+04
-4.339190234375000000e+04
-4.346785156250000000e+04
-4.353613671875000000e+04
-4.360398437500000000e+04
-4.367715234375000000e+04
-4.374785546875000000e+04
-4.380658593750000000e+04
-4.387769140625000000e+04
-4.393661718750000000e+04
-4.400619531250000000e+04
-4.407776562500000000e+04
-4.414532812500000000e+04
-4.422554296875000000e+04
-4.429347656250000000e+04
-4.434943750000000000e+04
-4.441757812500000000e+04
-4.449141406250000000e+04
-4.454736328125000000e+04
-4.461329687500000000e+04
-4.463789453125000000e+04
-4.470664843750000000e+04
-4.476773437500000000e+04
-4.483271875000000000e+04
-4.489517968750000000e+04
-4.495677343750000000e+04
-4.502232421875000000e+04
-4.507979296875000000e+04
-4.514253515625000000e+04
-4.520861328125000000e+04
-4.526961328125000000e+04
-4.532477343750000000e+04
-4.538605468750000000e+04
-4.544109765625000000e+04
-4.550138281250000000e+04
-4.555909765625000000e+04
-4.561717968750000000e+04
-4.567512109375000000e+04
-4.573015625000000000e+04
-4.578666015625000000e+04
-4.584158984375000000e+04
-4.589887500000000000e+04
-4.594953906250000000e+04
-4.600670312500000000e+04
-4.606355078125000000e+04
-4.611880468750000000e+04
-4.617779687500000000e+04
-4.623126562500000000e+04
-4.628314062500000000e+04
-4.633187890625000000e+04
-4.639113671875000000e+04
-4.643833593750000000e+04
-4.648636328125000000e+04
-4.653383593750000000e+04
-4.658313671875000000e+04
-4.663623437500000000e+04
-4.668433593750000000e+04
-4.673441406250000000e+04
-4.678701171875000000e+04
-4.683230859375000000e+04
-4.688263281250000000e+04
-4.692736718750000000e+04
-4.697696093750000000e+04
-4.702133203125000000e+04
-4.707180078125000000e+04
-4.712090625000000000e+04
-4.716908984375000000e+04
-4.721692968750000000e+04
-4.726611328125000000e+04
-4.731108984375000000e+04
-4.735980078125000000e+04
-4.740860156250000000e+04
-4.746020312500000000e+04
-4.751237109375000000e+04
-4.755685546875000000e+04
-4.760428125000000000e+04
-4.765474218750000000e+04
-4.769884765625000000e+04
-4.774656640625000000e+04
-4.778948437500000000e+04
-4.783710156250000000e+04
-4.788381250000000000e+04
-4.792823046875000000e+04
-4.797604687500000000e+04
-4.801869921875000000e+04
-4.806516796875000000e+04
-4.810904687500000000e+04
-4.815374609375000000e+04
-4.819673437500000000e+04
-4.823924218750000000e+04
-4.828730468750000000e+04
-4.832711328125000000e+04
-4.837326953125000000e+04
-4.841177734375000000e+04
-4.845099609375000000e+04
-4.849408593750000000e+04
-4.853723046875000000e+04
-4.858015625000000000e+04
-4.862120703125000000e+04
-4.866251562500000000e+04
-4.870310937500000000e+04
-4.874612890625000000e+04
-4.878622656250000000e+04
-4.882858593750000000e+04
-4.887236328125000000e+04
-4.891255859375000000e+04
-4.895167187500000000e+04
-4.899191015625000000e+04
-4.903230468750000000e+04
-4.907252734375000000e+04
-4.911372656250000000e+04
-4.915094531250000000e+04
-4.918974218750000000e+04
-4.923019531250000000e+04
-4.926699218750000000e+04
-4.930671093750000000e+04
-4.934653515625000000e+04
-4.938551171875000000e+04
-4.942503515625000000e+04
-4.946287890625000000e+04
-4.950189062500000000e+04
-4.954018750000000000e+04
-4.957759765625000000e+04
-4.961667968750000000e+04
-4.965680078125000000e+04
-4.969175781250000000e+04
-4.972695312500000000e+04
-4.976764453125000000e+04
-4.980029296875000000e+04
-4.983716406250000000e+04
-4.987342187500000000e+04
-4.991073437500000000e+04
-4.994730859375000000e+04
-4.998450781250000000e+04
-5.002473437500000000e+04
-5.007256250000000000e+04
-5.005668359375000000e+04
-4.999859765625000000e+04
-5.003902343750000000e+04
-5.008095703125000000e+04
-5.013238671875000000e+04
-5.018100390625000000e+04
-5.023346093750000000e+04
-5.028415234375000000e+04
-5.033176562500000000e+04
-5.038294531250000000e+04
-5.043139843750000000e+04
-5.047943750000000000e+04
-5.052508984375000000e+04
-5.056937500000000000e+04
-5.061231250000000000e+04
-5.065018750000000000e+04
-5.069179296875000000e+04
-5.072955468750000000e+04
-5.076912109375000000e+04
-5.080591406250000000e+04
-5.084189062500000000e+04
-5.088034765625000000e+04
-5.091651562500000000e+04
-5.095373437500000000e+04
-5.099019531250000000e+04
-5.102686328125000000e+04
-5.106350781250000000e+04
-5.109987500000000000e+04
-5.113580078125000000e+04
-5.117032812500000000e+04
-5.120484375000000000e+04
-5.123841406250000000e+04
-5.127274609375000000e+04
-5.130607031250000000e+04
-5.133997265625000000e+04
-5.137421093750000000e+04
-5.140635546875000000e+04
-5.144049218750000000e+04
-5.147350390625000000e+04
-5.150671875000000000e+04
-5.153908203125000000e+04
-5.157147265625000000e+04
-5.160407031250000000e+04
-5.163617968750000000e+04
-5.166839453125000000e+04
-5.169980078125000000e+04
-5.173062890625000000e+04
-5.176253906250000000e+04
-5.179252734375000000e+04
-5.182473437500000000e+04
-5.185442578125000000e+04
-5.188400000000000000e+04
-5.191613281250000000e+04
-5.194683593750000000e+04
-5.197855859375000000e+04
-5.200876171875000000e+04
-5.203998437500000000e+04
-5.207149218750000000e+04
-5.210114843750000000e+04
-5.213184375000000000e+04
-5.216136328125000000e+04
-5.219229296875000000e+04
-5.222317968750000000e+04
-5.225626562500000000e+04
-5.229705468750000000e+04
-5.236975781250000000e+04
-5.212530078125000000e+04
-5.234294140625000000e+04
-5.237789453125000000e+04
-5.240658593750000000e+04
-5.247623437500000000e+04
-5.229112109375000000e+04
-5.248287890625000000e+04
-5.255475000000000000e+04
-5.241790234375000000e+04
-5.254977734375000000e+04
-5.259694921875000000e+04
-5.263132031250000000e+04
-5.266519531250000000e+04
-5.270692187500000000e+04
-5.274446875000000000e+04
-5.279719531250000000e+04
-5.287325390625000000e+04
-5.268536328125000000e+04
-5.291212109375000000e+04
-5.285517578125000000e+04
-5.288953125000000000e+04
-5.291477734375000000e+04
-5.294716796875000000e+04
-5.297569921875000000e+04
-5.301175781250000000e+04
-5.305113671875000000e+04
-5.308988281250000000e+04
-5.312672265625000000e+04
-5.316483593750000000e+04
-5.320071875000000000e+04
-5.323494921875000000e+04
-5.326799218750000000e+04
-5.330012500000000000e+04
-5.333347656250000000e+04
-5.336369531250000000e+04
-5.339434765625000000e+04
-5.342423437500000000e+04
-5.345454687500000000e+04
-5.348423828125000000e+04
-5.351351171875000000e+04
-5.354316015625000000e+04
-5.357239453125000000e+04
-5.360201171875000000e+04
-5.363133203125000000e+04
-5.366038281250000000e+04
-5.368952734375000000e+04
-5.371752734375000000e+04
-5.374587109375000000e+04
-5.377420703125000000e+04
-5.380199218750000000e+04
-5.382924609375000000e+04
-5.385818359375000000e+04
-5.388557031250000000e+04
-5.391211328125000000e+04
-5.393968750000000000e+04
-5.396609765625000000e+04
-5.399366796875000000e+04
-5.402094140625000000e+04
-5.404821093750000000e+04
-5.407517578125000000e+04
-5.410275000000000000e+04
-5.413024218750000000e+04
-5.415807812500000000e+04
-5.418633984375000000e+04
-5.421825000000000000e+04
-5.425489453125000000e+04
-5.430279296875000000e+04
-5.416434765625000000e+04
-5.430326953125000000e+04
-5.433697656250000000e+04
-5.437906250000000000e+04
-5.435267578125000000e+04
-5.436719921875000000e+04
-5.438890234375000000e+04
-5.441584765625000000e+04
-5.444317968750000000e+04
-5.447739453125000000e+04
-5.451072265625000000e+04
-5.454002343750000000e+04
-5.457108203125000000e+04
-5.460397265625000000e+04
-5.463117578125000000e+04
-5.465984375000000000e+04
-5.468751171875000000e+04
-5.471989062500000000e+04
-5.474896484375000000e+04
-5.477907421875000000e+04
-5.481487890625000000e+04
-5.485404296875000000e+04
-5.492807421875000000e+04
-5.489748046875000000e+04
-5.487037890625000000e+04
-5.489171484375000000e+04
-5.491782421875000000e+04
-5.494564062500000000e+04
-5.497587500000000000e+04
-5.500502734375000000e+04
-5.503616796875000000e+04
-5.506590625000000000e+04
-5.508912890625000000e+04
-5.511430468750000000e+04
-5.514150781250000000e+04
-5.517057031250000000e+04
-5.519703515625000000e+04
-5.522353125000000000e+04
-5.525016796875000000e+04
-5.527628906250000000e+04
-5.530372265625000000e+04
-5.532985156250000000e+04
-5.535597265625000000e+04
-5.538173437500000000e+04
-5.540880078125000000e+04
-5.543366406250000000e+04
-5.546127343750000000e+04
-5.548796093750000000e+04
-5.551636328125000000e+04
-5.554269531250000000e+04
-5.557020312500000000e+04
-5.559798828125000000e+04
-5.562651562500000000e+04
-5.565287109375000000e+04
-5.567055078125000000e+04
-5.569392187500000000e+04
-5.571828515625000000e+04
-5.574745312500000000e+04
-5.576726953125000000e+04
-5.579164843750000000e+04
-5.581706640625000000e+04
-5.584208984375000000e+04
-5.586750781250000000e+04
-5.589455468750000000e+04
-5.592053906250000000e+04
-5.594348437500000000e+04
-5.596725390625000000e+04
-5.599223828125000000e+04
-5.601799218750000000e+04
-5.604501171875000000e+04
-5.606740625000000000e+04
-5.609135156250000000e+04
-5.611503125000000000e+04
-5.614749218750000000e+04
-5.619271875000000000e+04
-5.603443359375000000e+04
-5.621324218750000000e+04
-5.626008593750000000e+04
-5.597570703125000000e+04
-5.612306250000000000e+04
-5.623908593750000000e+04
-5.625112109375000000e+04
-5.627386718750000000e+04
-5.630335937500000000e+04
-5.632029687500000000e+04
-5.634777734375000000e+04
-5.638268359375000000e+04
-5.641121093750000000e+04
-5.644454687500000000e+04
-5.648414062500000000e+04
-5.653405859375000000e+04
-5.649597265625000000e+04
-5.651837500000000000e+04
-5.654285546875000000e+04
-5.657448046875000000e+04
-5.660218359375000000e+04
-5.663801953125000000e+04
-5.670841015625000000e+04
-5.662198828125000000e+04
-5.667342968750000000e+04
-5.669266796875000000e+04
-5.671047656250000000e+04
-5.673232031250000000e+04
-5.675636328125000000e+04
-5.678133203125000000e+04
-5.680808984375000000e+04
-5.682232812500000000e+04
-5.684369140625000000e+04
-5.686620703125000000e+04
-5.689018359375000000e+04
-5.691280078125000000e+04
-5.693577734375000000e+04
-5.695801171875000000e+04
-5.698156250000000000e+04
-5.700439843750000000e+04
-5.702814843750000000e+04
-5.705256250000000000e+04
-5.707648437500000000e+04
-5.710262109375000000e+04
-5.713188281250000000e+04
-5.716649218750000000e+04
-5.723419531250000000e+04
-5.702708984375000000e+04
-5.726737500000000000e+04
-5.721803125000000000e+04
-5.723538281250000000e+04
-5.725284375000000000e+04
-5.727251953125000000e+04
-5.729433984375000000e+04
-5.731842968750000000e+04
-5.734551953125000000e+04
-5.736762109375000000e+04
-5.739596875000000000e+04
-5.742762109375000000e+04
-5.746710546875000000e+04
-5.753050000000000000e+04
-5.733673046875000000e+04
-5.756080859375000000e+04
-5.750972656250000000e+04
-5.751880468750000000e+04
-5.753695703125000000e+04
-5.755189843750000000e+04
-5.757106250000000000e+04
-5.759285156250000000e+04
-5.761553125000000000e+04
-5.763933984375000000e+04
-5.766330468750000000e+04
-5.768933984375000000e+04
-5.771145312500000000e+04
-5.773349609375000000e+04
-5.775698828125000000e+04
-5.777383203125000000e+04
-5.779402343750000000e+04
-5.781739453125000000e+04
-5.784291015625000000e+04
-5.787471875000000000e+04
-5.792236328125000000e+04
-5.782234765625000000e+04
-5.792157031250000000e+04
-5.794126562500000000e+04
-5.796900781250000000e+04
-5.801444140625000000e+04
-5.792184765625000000e+04
-5.800616406250000000e+04
-5.802605468750000000e+04
-5.804925781250000000e+04
-5.807396093750000000e+04
-5.811827734375000000e+04
-5.809918750000000000e+04
-5.811336328125000000e+04
-5.812760156250000000e+04
-5.814605078125000000e+04
-5.816752343750000000e+04
-5.818448437500000000e+04
-5.820468750000000000e+04
-5.822785546875000000e+04
-5.825052343750000000e+04
-5.827277343750000000e+04
-5.829370703125000000e+04
-5.831498046875000000e+04
-5.833796875000000000e+04
-5.836026562500000000e+04
-5.838489062500000000e+04
-5.840342968750000000e+04
-5.843305859375000000e+04
-5.848303515625000000e+04
-5.836359375000000000e+04
-5.849604687500000000e+04
-5.854816796875000000e+04
-5.849430078125000000e+04
-5.849717578125000000e+04
-5.850726562500000000e+04
-5.852327343750000000e+04
-5.854085937500000000e+04
-5.855989453125000000e+04
-5.858150781250000000e+04
-5.860309375000000000e+04
-5.862433593750000000e+04
-5.864653125000000000e+04
-5.866782812500000000e+04
-5.868856640625000000e+04
-5.870974218750000000e+04
-5.873064453125000000e+04
-5.875054296875000000e+04
-5.876916796875000000e+04
-5.878990625000000000e+04
-5.880971875000000000e+04
-5.882934765625000000e+04
-5.884896484375000000e+04
-5.886762109375000000e+04
-5.888630859375000000e+04
-5.890421875000000000e+04
-5.892223828125000000e+04
-5.893300390625000000e+04
-5.895041015625000000e+04
-5.896953515625000000e+04
-5.898830468750000000e+04
-5.900769921875000000e+04
-5.902744531250000000e+04
-5.904700000000000000e+04
-5.906913671875000000e+04
-5.908884765625000000e+04
-5.911578515625000000e+04
-5.914814843750000000e+04
-5.919709375000000000e+04
-5.904395312500000000e+04
-5.922130859375000000e+04
-5.921908984375000000e+04
-5.918414843750000000e+04
-5.919684375000000000e+04
-5.921073828125000000e+04
-5.922664453125000000e+04
-5.924532812500000000e+04
-5.926374609375000000e+04
-5.928314453125000000e+04
-5.930192187500000000e+04
-5.932205468750000000e+04
-5.934147656250000000e+04
-5.936144921875000000e+04
-5.938031640625000000e+04
-5.939844531250000000e+04
-5.941644921875000000e+04
-5.943442968750000000e+04
-5.945141406250000000e+04
-5.947055468750000000e+04
-5.948993750000000000e+04
-5.950849609375000000e+04
-5.952682421875000000e+04
-5.954647656250000000e+04
-5.956507031250000000e+04
-5.958206640625000000e+04
-5.960385937500000000e+04
-5.962132421875000000e+04
-5.963564843750000000e+04
-5.966293359375000000e+04
-5.968614453125000000e+04
-5.971269140625000000e+04
-5.976189453125000000e+04
-5.967840625000000000e+04
-5.975071484375000000e+04
-5.976745312500000000e+04
-5.978587109375000000e+04
-5.981157812500000000e+04
-5.986332031250000000e+04
-5.980376171875000000e+04
-5.988028515625000000e+04
-5.992542968750000000e+04
-5.989220703125000000e+04
-5.987249609375000000e+04
-5.988724218750000000e+04
-5.989741406250000000e+04
-5.991321093750000000e+04
-5.993082031250000000e+04
-5.994644921875000000e+04
-5.996757421875000000e+04
-5.998577734375000000e+04
-6.000248828125000000e+04
-6.002006640625000000e+04
-6.003831250000000000e+04
-6.005718750000000000e+04
-6.007430468750000000e+04
-6.009317578125000000e+04
-6.011008984375000000e+04
-6.012204687500000000e+04
-6.013832812500000000e+04
-6.015486718750000000e+04
-6.017262500000000000e+04
-6.018836328125000000e+04
-6.020573046875000000e+04
-6.022373828125000000e+04
-6.024280468750000000e+04
-6.026048046875000000e+04
-6.027592578125000000e+04
-6.029300781250000000e+04
-6.031130859375000000e+04
-6.032557421875000000e+04
-6.034325781250000000e+04
-6.036446093750000000e+04
-6.038184765625000000e+04
-6.040399218750000000e+04
-6.043390234375000000e+04
-6.047075781250000000e+04
-6.049352343750000000e+04
-6.046046875000000000e+04
-6.047357031250000000e+04
-6.048665625000000000e+04
-6.050582421875000000e+04
-6.052592187500000000e+04
-6.055596093750000000e+04
-6.058883984375000000e+04
-6.062594140625000000e+04
-6.059096484375000000e+04
-6.060743750000000000e+04
-6.063103515625000000e+04
-6.066079687500000000e+04
-6.068354687500000000e+04
-6.064763671875000000e+04
-6.065823437500000000e+04
-6.067144531250000000e+04
-6.068564843750000000e+04
-6.070198437500000000e+04
-6.071976562500000000e+04
-6.074080859375000000e+04
-6.076159765625000000e+04
-6.078741796875000000e+04
-6.082143359375000000e+04
-6.083024609375000000e+04
-6.080475781250000000e+04
-6.081363671875000000e+04
-6.082612890625000000e+04
-6.083733203125000000e+04
-6.085426953125000000e+04
-6.086800781250000000e+04
-6.088492578125000000e+04
-6.090312500000000000e+04
-6.092331250000000000e+04
-6.094023437500000000e+04
-6.095867968750000000e+04
-6.097588281250000000e+04
-6.099365234375000000e+04
-6.101138281250000000e+04
-6.103215625000000000e+04
-6.105280859375000000e+04
-6.108488671875000000e+04
-6.113811328125000000e+04
-6.098067968750000000e+04
-6.115764062500000000e+04
-6.114975000000000000e+04
-6.111213281250000000e+04
-6.111249218750000000e+04
-6.111360546875000000e+04
-6.112505859375000000e+04
-6.113937890625000000e+04
-6.115449609375000000e+04
-6.117064453125000000e+04
-6.118786328125000000e+04
-6.120522265625000000e+04
-6.122223046875000000e+04
-6.123944921875000000e+04
-6.125594140625000000e+04
-6.127249218750000000e+04
-6.128822656250000000e+04
-6.130382421875000000e+04
-6.131897265625000000e+04
-6.133505078125000000e+04
-6.135065234375000000e+04
-6.136681640625000000e+04
-6.138170703125000000e+04
-6.139662500000000000e+04
-6.141129296875000000e+04
-6.142650781250000000e+04
-6.144188281250000000e+04
-6.145678906250000000e+04
-6.147148046875000000e+04
-6.148741406250000000e+04
-6.150189062500000000e+04
-6.151754687500000000e+04
-6.153305859375000000e+04
-6.154976953125000000e+04
-6.156665625000000000e+04
-6.158386718750000000e+04
-6.160197656250000000e+04
-6.161930859375000000e+04
-6.165369921875000000e+04
-6.171269531250000000e+04
-6.154345703125000000e+04
-6.172285937500000000e+04
-6.164740625000000000e+04
-6.166971484375000000e+04
-6.167189453125000000e+04
-6.167991796875000000e+04
-6.169007812500000000e+04
-6.170289453125000000e+04
-6.171669921875000000e+04
-6.173238281250000000e+04
-6.174819921875000000e+04
-6.176438281250000000e+04
-6.178049218750000000e+04
-6.179610937500000000e+04
-6.181111718750000000e+04
-6.182564062500000000e+04
-6.184050390625000000e+04
-6.185490625000000000e+04
-6.186942968750000000e+04
-6.188413281250000000e+04
-6.189835546875000000e+04
-6.191237500000000000e+04
-6.192626953125000000e+04
-6.194057031250000000e+04
-6.195479687500000000e+04
-6.196857031250000000e+04
-6.198293750000000000e+04
-6.199527734375000000e+04
-6.200829687500000000e+04
-6.202267968750000000e+04
-6.203660937500000000e+04
-6.205142187500000000e+04
-6.206623828125000000e+04
-6.208157812500000000e+04
-6.209730859375000000e+04
-6.211430078125000000e+04
-6.213237500000000000e+04
-6.215361328125000000e+04
-6.218179296875000000e+04
-6.222786718750000000e+04
-6.208681640625000000e+04
-6.223937109375000000e+04
-6.227708203125000000e+04
-6.228605859375000000e+04
-6.219553125000000000e+04
-6.224089453125000000e+04
-6.224609375000000000e+04
-6.225480078125000000e+04
-6.226603906250000000e+04
-6.227898046875000000e+04
-6.229363281250000000e+04
-6.230909375000000000e+04
-6.232534765625000000e+04
-6.234455859375000000e+04
-6.236133203125000000e+04
-6.237967187500000000e+04
-6.240093359375000000e+04
-6.242707421875000000e+04
-6.246910156250000000e+04
-6.236109765625000000e+04
-6.245462109375000000e+04
-6.247257421875000000e+04
-6.249588281250000000e+04
-6.253971875000000000e+04
-6.244950781250000000e+04
-6.249487500000000000e+04
-6.250299609375000000e+04
-6.251078906250000000e+04
-6.252205078125000000e+04
-6.253807421875000000e+04
-6.255678125000000000e+04
-6.257919531250000000e+04
-6.260500000000000000e+04
-6.264638671875000000e+04
-6.256358984375000000e+04
-6.263238281250000000e+04
-6.264279687500000000e+04
-6.265753906250000000e+04
-6.267711718750000000e+04
-6.271785546875000000e+04
-6.267730468750000000e+04
-6.269744921875000000e+04
-6.270469531250000000e+04
-6.271632812500000000e+04
-6.273000000000000000e+04
-6.274681640625000000e+04
-6.276736328125000000e+04
-6.279457421875000000e+04
-6.283556250000000000e+04
-6.276769531250000000e+04
-6.282023828125000000e+04
-6.283112500000000000e+04
-6.284375781250000000e+04
-6.286332421875000000e+04
-6.288336328125000000e+04
-6.292078125000000000e+04
-6.281880859375000000e+04
-6.292885937500000000e+04
-6.295744140625000000e+04
-6.298117968750000000e+04
-6.294151562500000000e+04
-6.295040625000000000e+04
-6.296268359375000000e+04
-6.298005468750000000e+04
-6.300123437500000000e+04
-6.303777343750000000e+04
-6.305409375000000000e+04
-6.302319140625000000e+04
-6.302934765625000000e+04
-6.304124609375000000e+04
-6.305708984375000000e+04
-6.307569140625000000e+04
-6.310266015625000000e+04
-6.315274609375000000e+04
-6.300248046875000000e+04
-6.316693359375000000e+04
-6.316470703125000000e+04
-6.312735937500000000e+04
-6.313090625000000000e+04
-6.313736718750000000e+04
-6.314736328125000000e+04
-6.315782812500000000e+04
-6.317032421875000000e+04
-6.318330468750000000e+04
-6.319672265625000000e+04
-6.321023828125000000e+04
-6.322418359375000000e+04
-6.323713671875000000e+04
-6.325150390625000000e+04
-6.326470703125000000e+04
-6.327869531250000000e+04
-6.329286718750000000e+04
-6.330717187500000000e+04
-6.332300000000000000e+04
-6.334016015625000000e+04
-6.335771093750000000e+04
-6.337894531250000000e+04
-6.341041796875000000e+04
-6.346529687500000000e+04
-6.339373046875000000e+04
-6.340546484375000000e+04
-6.341176562500000000e+04
-6.341954296875000000e+04
-6.342999609375000000e+04
-6.344103906250000000e+04
-6.345377734375000000e+04
-6.346710156250000000e+04
-6.348142578125000000e+04
-6.349618359375000000e+04
-6.351194140625000000e+04
-6.352873437500000000e+04
-6.354854687500000000e+04
-6.357259375000000000e+04
-6.361019921875000000e+04
-6.358445703125000000e+04
-6.358735156250000000e+04
-6.359294921875000000e+04
-6.360160937500000000e+04
-6.361290234375000000e+04
-6.362614062500000000e+04
-6.364183203125000000e+04
-6.366063671875000000e+04
-6.368089062500000000e+04
-6.371309765625000000e+04
-6.376536328125000000e+04
-6.367462109375000000e+04
-6.372533984375000000e+04
-6.373057421875000000e+04
-6.373540234375000000e+04
-6.375122656250000000e+04
-6.377091796875000000e+04
-6.379579687500000000e+04
-6.383614453125000000e+04
-6.376791406250000000e+04
-6.381914453125000000e+04
-6.382780859375000000e+04
-6.384447656250000000e+04
-6.387177343750000000e+04
-6.392104687500000000e+04
-6.389585937500000000e+04
-6.386761718750000000e+04
-6.386835546875000000e+04
-6.387527734375000000e+04
-6.388402734375000000e+04
-6.389457812500000000e+04
-6.390712890625000000e+04
-6.392005078125000000e+04
-6.393289843750000000e+04
-6.394670312500000000e+04
-6.396141796875000000e+04
-6.397719921875000000e+04
-6.399528906250000000e+04
-6.401731250000000000e+04
-6.404882812500000000e+04
-6.409260546875000000e+04
-6.408219531250000000e+04
-6.411253125000000000e+04
-6.408348437500000000e+04
-6.409978125000000000e+04
-6.413191406250000000e+04
-6.410816406250000000e+04
-6.409857421875000000e+04
-6.410109375000000000e+04
-6.410767187500000000e+04
-6.411626953125000000e+04
-6.412681640625000000e+04
-6.413828125000000000e+04
-6.415032812500000000e+04
-6.416319140625000000e+04
-6.417609765625000000e+04
-6.418998828125000000e+04
-6.420522265625000000e+04
-6.422258203125000000e+04
-6.424291796875000000e+04
-6.426962500000000000e+04
-6.431855468750000000e+04
-6.416796875000000000e+04
-6.434384765625000000e+04
-6.430648437500000000e+04
-6.428534765625000000e+04
-6.428367187500000000e+04
-6.428733984375000000e+04
-6.429469921875000000e+04
-6.430432031250000000e+04
-6.431484375000000000e+04
-6.432718359375000000e+04
-6.433960937500000000e+04
-6.435187109375000000e+04
-6.436468359375000000e+04
-6.437727343750000000e+04
-6.438923437500000000e+04
-6.440042578125000000e+04
-6.441287109375000000e+04
-6.442420312500000000e+04
-6.443633984375000000e+04
-6.444842578125000000e+04
-6.446028125000000000e+04
-6.447230468750000000e+04
-6.448500781250000000e+04
-6.449778906250000000e+04
-6.451130859375000000e+04
-6.452564062500000000e+04
-6.454119531250000000e+04
-6.456051562500000000e+04
-6.458610937500000000e+04
-6.462987500000000000e+04
-6.450625781250000000e+04
-6.463509375000000000e+04
-6.467058203125000000e+04
-6.458544140625000000e+04
-6.462575000000000000e+04
-6.462713671875000000e+04
-6.463355859375000000e+04
-6.464228906250000000e+04
-6.465197265625000000e+04
-6.466425781250000000e+04
-6.467746484375000000e+04
-6.469285156250000000e+04
-6.471080078125000000e+04
-6.473035937500000000e+04
-6.475089843750000000e+04
-6.479481250000000000e+04
-6.470300000000000000e+04
-6.478576953125000000e+04
-6.479768750000000000e+04
-6.482062500000000000e+04
-6.486365625000000000e+04
-6.484653515625000000e+04
-6.481196484375000000e+04
-6.481412109375000000e+04
-6.482127343750000000e+04
-6.483014453125000000e+04
-6.484044531250000000e+04
-6.485205078125000000e+04
-6.486464062500000000e+04
-6.487812500000000000e+04
-6.489197656250000000e+04
-6.490736328125000000e+04
-6.492641406250000000e+04
-6.495062500000000000e+04
-6.499090625000000000e+04
-6.489935937500000000e+04
-6.497953125000000000e+04
-6.499187890625000000e+04
-6.501267578125000000e+04
-6.505446484375000000e+04
-6.494654687500000000e+04
-6.502332421875000000e+04
-6.503012890625000000e+04
-6.504175390625000000e+04
-6.506017968750000000e+04
-6.509071875000000000e+04
-6.510750000000000000e+04
-6.507815234375000000e+04
-6.508457031250000000e+04
-6.509664453125000000e+04
-6.511398828125000000e+04
-6.514237109375000000e+04
-6.518771875000000000e+04
-6.520007812500000000e+04
-6.517597656250000000e+04
-6.514039062500000000e+04
-6.514065625000000000e+04
-6.514633984375000000e+04
-6.515342578125000000e+04
-6.516247656250000000e+04
-6.517211718750000000e+04
-6.518203125000000000e+04
-6.519297656250000000e+04
-6.520385156250000000e+04
-6.521524218750000000e+04
-6.522608984375000000e+04
-6.523755078125000000e+04
-6.524875000000000000e+04
-6.526102734375000000e+04
-6.527205078125000000e+04
-6.528447656250000000e+04
-6.529855468750000000e+04
-6.531500000000000000e+04
-6.533512890625000000e+04
-6.536425781250000000e+04
-6.541642187500000000e+04
-6.539189453125000000e+04
-6.535631250000000000e+04
-6.535823437500000000e+04
-6.536514453125000000e+04
-6.537291406250000000e+04
-6.538219140625000000e+04
-6.539190234375000000e+04
-6.540302734375000000e+04
-6.541438671875000000e+04
-6.542587109375000000e+04
-6.543768750000000000e+04
-6.545032421875000000e+04
-6.546308593750000000e+04
-6.547728906250000000e+04
-6.549305859375000000e+04
-6.551177734375000000e+04
-6.553789843750000000e+04
-6.558558593750000000e+04
-6.543156250000000000e+04
-6.559986718750000000e+04
-6.557014843750000000e+04
-6.554796093750000000e+04
-6.554723437500000000e+04
-6.555064062500000000e+04
-6.555683593750000000e+04
-6.556504687500000000e+04
-6.557450781250000000e+04
-6.558485156250000000e+04
-6.559513281250000000e+04
-6.560645312500000000e+04
-6.561745312500000000e+04
-6.562846875000000000e+04
-6.563900000000000000e+04
-6.564904687500000000e+04
-6.566009375000000000e+04
-6.567034375000000000e+04
-6.568135937500000000e+04
-6.569046093750000000e+04
-6.570143750000000000e+04
-6.571173437500000000e+04
-6.572301562500000000e+04
-6.573478906250000000e+04
-6.574730468750000000e+04
-6.576129687500000000e+04
-6.577731250000000000e+04
-6.579841406250000000e+04
-6.582992187500000000e+04
-6.586534375000000000e+04
-6.584042968750000000e+04
-6.586375781250000000e+04
-6.590246875000000000e+04
-6.590060937500000000e+04
-6.584410156250000000e+04
-6.585404687500000000e+04
-6.585375000000000000e+04
-6.585789062500000000e+04
-6.586445312500000000e+04
-6.587272656250000000e+04
-6.588334375000000000e+04
-6.589346875000000000e+04
-6.590475781250000000e+04
-6.591371875000000000e+04
-6.592404687500000000e+04
-6.593451562500000000e+04
-6.594581250000000000e+04
-6.595778125000000000e+04
-6.596789843750000000e+04
-6.597839843750000000e+04
-6.599128906250000000e+04
-6.600501562500000000e+04
-6.602191406250000000e+04
-6.604335156250000000e+04
-6.607524218750000000e+04
-6.608710937500000000e+04
-6.605807812500000000e+04
-6.606261718750000000e+04
-6.606855468750000000e+04
-6.608129687500000000e+04
-6.609406250000000000e+04
-6.611153125000000000e+04
-6.613550000000000000e+04
-6.617667968750000000e+04
-6.607049218750000000e+04
-6.616485937500000000e+04
-6.618124218750000000e+04
-6.620920312500000000e+04
-6.618231250000000000e+04
-6.617007031250000000e+04
-6.616982812500000000e+04
-6.617389062500000000e+04
-6.618153906250000000e+04
-6.619040625000000000e+04
-6.620069531250000000e+04
-6.621202343750000000e+04
-6.622237500000000000e+04
-6.623402343750000000e+04
-6.624528906250000000e+04
-6.625836718750000000e+04
-6.627398437500000000e+04
-6.629279687500000000e+04
-6.631874218750000000e+04
-6.636544531250000000e+04
-6.620876562500000000e+04
-6.637324218750000000e+04
-6.635830468750000000e+04
-6.632338281250000000e+04
-6.632653125000000000e+04
-6.632921093750000000e+04
-6.633560156250000000e+04
-6.634358593750000000e+04
-6.635249218750000000e+04
-6.636283593750000000e+04
-6.637323437500000000e+04
-6.638411718750000000e+04
-6.639485156250000000e+04
-6.640668750000000000e+04
-6.641755468750000000e+04
-6.642962500000000000e+04
-6.644107812500000000e+04
-6.645406250000000000e+04
-6.647058593750000000e+04
-6.649071875000000000e+04
-6.652182031250000000e+04
-6.654912500000000000e+04
-6.652100781250000000e+04
-6.653453125000000000e+04
-6.655482812500000000e+04
-6.659796875000000000e+04
-6.649308593750000000e+04
-6.655667187500000000e+04
-6.656032812500000000e+04
-6.656795312500000000e+04
-6.657954687500000000e+04
-6.659641406250000000e+04
-6.662203125000000000e+04
-6.666925781250000000e+04
-6.655935937500000000e+04
-6.663605468750000000e+04
-6.664271875000000000e+04
-6.665557812500000000e+04
-6.667585156250000000e+04
-6.671578906250000000e+04
-6.661875000000000000e+04
-6.667404687500000000e+04
-6.668647656250000000e+04
-6.669629687500000000e+04
-6.671278125000000000e+04
-6.673098437500000000e+04
-6.677943750000000000e+04
-6.666033593750000000e+04
-6.679524218750000000e+04
-6.676428906250000000e+04
-6.678149218750000000e+04
-6.681763281250000000e+04
-6.674792187500000000e+04
-6.675907812500000000e+04
-6.676050781250000000e+04
-6.676393750000000000e+04
-6.677060937500000000e+04
-6.677919531250000000e+04
-6.678906250000000000e+04
-6.680018750000000000e+04
-6.681286718750000000e+04
-6.682771093750000000e+04
-6.684533593750000000e+04
-6.686847656250000000e+04
-6.690902343750000000e+04
-6.682038281250000000e+04
-6.689617968750000000e+04
-6.691072656250000000e+04
-6.693652343750000000e+04
-6.694333593750000000e+04
-6.691373437500000000e+04
-6.691642187500000000e+04
-6.692436718750000000e+04
-6.693615625000000000e+04
-6.695259375000000000e+04
-6.697456250000000000e+04
-6.701160156250000000e+04
-6.694251562500000000e+04
-6.699250000000000000e+04
-6.699886718750000000e+04
-6.700937500000000000e+04
-6.702769531250000000e+04
-6.706135156250000000e+04
-6.700555468750000000e+04
-6.703671093750000000e+04
-6.703942968750000000e+04
-6.704600000000000000e+04
-6.705675000000000000e+04
-6.707386718750000000e+04
-6.709838281250000000e+04
-6.714249218750000000e+04
-6.701614062500000000e+04
-6.712771875000000000e+04
-6.714941406250000000e+04
-6.717202343750000000e+04
-6.715154687500000000e+04
-6.717628125000000000e+04
-6.718873437500000000e+04
-6.715512500000000000e+04
-6.716047656250000000e+04
-6.717234375000000000e+04
-6.719044531250000000e+04
-6.721949218750000000e+04
-6.723785156250000000e+04
-6.720543750000000000e+04
-6.721292968750000000e+04
-6.722563281250000000e+04
-6.724491406250000000e+04
-6.728139843750000000e+04
-6.719520312500000000e+04
-6.725444531250000000e+04
-6.725822656250000000e+04
-6.726819531250000000e+04
-6.728340625000000000e+04
-6.731061718750000000e+04
-6.734825000000000000e+04
-6.735095312500000000e+04
-6.728929687500000000e+04
-6.730579687500000000e+04
-6.730421093750000000e+04
-6.730796875000000000e+04
-6.731465625000000000e+04
-6.732021093750000000e+04
-6.733294531250000000e+04
-6.734408593750000000e+04
-6.735815625000000000e+04
-6.737525000000000000e+04
-6.739753906250000000e+04
-6.743432812500000000e+04
-6.737390625000000000e+04
-6.741815625000000000e+04
-6.742464062500000000e+04
-6.743925781250000000e+04
-6.746248437500000000e+04
-6.749798437500000000e+04
-6.749044531250000000e+04
-6.749957812500000000e+04
-6.746623437500000000e+04
-6.747049218750000000e+04
-6.747950000000000000e+04
-6.749274218750000000e+04
-6.751242187500000000e+04
-6.754475000000000000e+04
-6.752614062500000000e+04
-6.751896093750000000e+04
-6.752121875000000000e+04
-6.752803125000000000e+04
-6.753906250000000000e+04
-6.755328125000000000e+04
-6.757501562500000000e+04
-6.760847656250000000e+04
-6.758751562500000000e+04
-6.758537500000000000e+04
-6.758782812500000000e+04
-6.759578125000000000e+04
-6.760883593750000000e+04
-6.762350781250000000e+04
-6.764727343750000000e+04
-6.769340625000000000e+04
-6.757948437500000000e+04
-6.767469531250000000e+04
-6.769151562500000000e+04
-6.772660156250000000e+04
-6.767639062500000000e+04
-6.767542187500000000e+04
-6.767535156250000000e+04
-6.767757031250000000e+04
-6.768379687500000000e+04
-6.769170312500000000e+04
-6.770191406250000000e+04
-6.771388281250000000e+04
-6.772838281250000000e+04
-6.774620312500000000e+04
-6.777164843750000000e+04
-6.781935156250000000e+04
-6.768369531250000000e+04
-6.782416406250000000e+04
-6.783832031250000000e+04
-6.780701562500000000e+04
-6.781539062500000000e+04
-6.783133593750000000e+04
-6.786651562500000000e+04
-6.780364843750000000e+04
-6.783428125000000000e+04
-6.783484375000000000e+04
-6.784232812500000000e+04
-6.785399218750000000e+04
-6.786914062500000000e+04
-6.789012500000000000e+04
-6.793439062500000000e+04
-6.786808593750000000e+04
-6.790365625000000000e+04
-6.791027343750000000e+04
-6.792484375000000000e+04
-6.794951562500000000e+04
-6.798103125000000000e+04
-6.797207031250000000e+04
-6.799635156250000000e+04
-6.797462500000000000e+04
-6.800195312500000000e+04
-6.798218750000000000e+04
-6.795845312500000000e+04
-6.795773437500000000e+04
-6.796189062500000000e+04
-6.796867187500000000e+04
-6.797680468750000000e+04
-6.798615625000000000e+04
-6.799782812500000000e+04
-6.801087500000000000e+04
-6.802664843750000000e+04
-6.804744531250000000e+04
-6.807847656250000000e+04
-6.810099218750000000e+04
-6.807412500000000000e+04
-6.808573437500000000e+04
-6.810721093750000000e+04
-6.815053906250000000e+04
-6.808477343750000000e+04
-6.809541406250000000e+04
-6.809350000000000000e+04
-6.809703906250000000e+04
-6.810196093750000000e+04
-6.810902343750000000e+04
-6.811817968750000000e+04
-6.812882031250000000e+04
-6.814171093750000000e+04
-6.815740625000000000e+04
-6.817710937500000000e+04
-6.820842968750000000e+04
-6.822274218750000000e+04
-6.819855468750000000e+04
-6.820571093750000000e+04
-6.821872656250000000e+04
-6.824082031250000000e+04
-6.828428906250000000e+04
-6.819104687500000000e+04
-6.824143750000000000e+04
-6.824278906250000000e+04
-6.824986718750000000e+04
-6.826110937500000000e+04
-6.827728906250000000e+04
-6.830363281250000000e+04
-6.834478906250000000e+04
-6.835529687500000000e+04
-6.835145312500000000e+04
-6.831230468750000000e+04
-6.831886718750000000e+04
-6.833060937500000000e+04
-6.834887500000000000e+04
-6.838041406250000000e+04
-6.834061718750000000e+04
-6.834444531250000000e+04
-6.834502343750000000e+04
-6.835021875000000000e+04
-6.835880468750000000e+04
-6.836886718750000000e+04
-6.838416406250000000e+04
-6.840493750000000000e+04
-6.843653125000000000e+04
-6.841278906250000000e+04
-6.841500000000000000e+04
-6.841808593750000000e+04
-6.842692968750000000e+04
-6.844076562500000000e+04
-6.846027343750000000e+04
-6.849417187500000000e+04
-6.842884375000000000e+04
-6.847117968750000000e+04
-6.847635937500000000e+04
-6.848714843750000000e+04
-6.850507031250000000e+04
-6.853705468750000000e+04
-6.850025781250000000e+04
-6.850760937500000000e+04
-6.850922656250000000e+04
-6.851557031250000000e+04
-6.852458593750000000e+04
-6.853760156250000000e+04
-6.855571875000000000e+04
-6.858146093750000000e+04
-6.862498437500000000e+04
-6.860096093750000000e+04
-6.857416406250000000e+04
-6.857489062500000000e+04
-6.858029687500000000e+04
-6.858821875000000000e+04
-6.859881250000000000e+04
-6.861253125000000000e+04
-6.863132812500000000e+04
-6.866014062500000000e+04
-6.869270312500000000e+04
-6.868091406250000000e+04
-6.871570312500000000e+04
-6.871059375000000000e+04
-6.867475000000000000e+04
-6.867960156250000000e+04
-6.869050000000000000e+04
-6.870793750000000000e+04
-6.874112500000000000e+04
-6.868507031250000000e+04
-6.870764843750000000e+04
-6.870900781250000000e+04
-6.871389843750000000e+04
-6.872224218750000000e+04
-6.873492187500000000e+04
-6.875101562500000000e+04
-6.877627343750000000e+04
-6.882257031250000000e+04
-6.872305468750000000e+04
-6.878416406250000000e+04
-6.878834375000000000e+04
-6.879932031250000000e+04
-6.881767968750000000e+04
-6.885146093750000000e+04
-6.878367968750000000e+04
-6.881775781250000000e+04
-6.881804687500000000e+04
-6.882557812500000000e+04
-6.883597656250000000e+04
-6.885058593750000000e+04
-6.887199218750000000e+04
-6.891203906250000000e+04
-6.880165625000000000e+04
-6.889791406250000000e+04
-6.891328125000000000e+04
-6.894739062500000000e+04
-6.888282812500000000e+04
-6.889853125000000000e+04
-6.889634375000000000e+04
-6.889926562500000000e+04
-6.890528125000000000e+04
-6.891411718750000000e+04
-6.892542187500000000e+04
-6.894026562500000000e+04
-6.895848437500000000e+04
-6.898521875000000000e+04
-6.903145312500000000e+04
-6.896566406250000000e+04
-6.897732812500000000e+04
-6.897863281250000000e+04
-6.898278125000000000e+04
-6.899025781250000000e+04
-6.900012500000000000e+04
-6.901260937500000000e+04
-6.903046093750000000e+04
-6.905727343750000000e+04
-6.909300000000000000e+04
-6.895825781250000000e+04
-6.909129687500000000e+04
-6.911807031250000000e+04
-6.912058593750000000e+04
-6.909541406250000000e+04
-6.911375000000000000e+04
-6.914585937500000000e+04
-6.915417187500000000e+04
-6.914864843750000000e+04
-6.910803906250000000e+04
-6.911081250000000000e+04
-6.911811718750000000e+04
-6.913003906250000000e+04
-6.914778906250000000e+04
-6.917813281250000000e+04
-6.915935156250000000e+04
-6.914851562500000000e+04
-6.914871875000000000e+04
-6.915283593750000000e+04
-6.916035156250000000e+04
-6.917078125000000000e+04
-6.918260937500000000e+04
-6.919892187500000000e+04
-6.922387500000000000e+04
-6.927209375000000000e+04
-6.917126562500000000e+04
-6.923012500000000000e+04
-6.923392968750000000e+04
-6.924382031250000000e+04
-6.926303125000000000e+04
-6.930053906250000000e+04
-6.920612500000000000e+04
-6.926468750000000000e+04
-6.927298437500000000e+04
-6.928537500000000000e+04
-6.930863281250000000e+04
-6.934391406250000000e+04
-6.934828906250000000e+04
-6.929044531250000000e+04
-6.929475000000000000e+04
-6.929250000000000000e+04
-6.929485937500000000e+04
-6.930009375000000000e+04
-6.930747656250000000e+04
-6.931602343750000000e+04
-6.932611718750000000e+04
-6.933793750000000000e+04
-6.935275000000000000e+04
-6.937183593750000000e+04
-6.940167968750000000e+04
-6.942089843750000000e+04
-6.939597656250000000e+04
-6.940685156250000000e+04
-6.942628906250000000e+04
-6.946608593750000000e+04
-6.937253125000000000e+04
-6.942500000000000000e+04
-6.942662500000000000e+04
-6.943301562500000000e+04
-6.944525781250000000e+04
-6.946488281250000000e+04
-6.950129687500000000e+04
-6.941742968750000000e+04
-6.947558593750000000e+04
-6.948191406250000000e+04
-6.949517187500000000e+04
-6.951939843750000000e+04
-6.955219531250000000e+04
-6.955287500000000000e+04
-6.951546875000000000e+04
-6.950335156250000000e+04
-6.949985937500000000e+04
-6.950218750000000000e+04
-6.950628906250000000e+04
-6.951273437500000000e+04
-6.951982812500000000e+04
-6.952652343750000000e+04
-6.953543750000000000e+04
-6.954541406250000000e+04
-6.956145312500000000e+04
-6.957747656250000000e+04
-6.960644531250000000e+04
-6.965517968750000000e+04
-6.957350781250000000e+04
-6.960105468750000000e+04
-6.960146875000000000e+04
-6.960769531250000000e+04
-6.961658593750000000e+04
-6.962871875000000000e+04
-6.964663281250000000e+04
-6.967438281250000000e+04
-6.970413281250000000e+04
-6.968592968750000000e+04
-6.971607031250000000e+04
-6.967821875000000000e+04
-6.967353906250000000e+04
-6.967143750000000000e+04
-6.967387500000000000e+04
-6.967876562500000000e+04
-6.968564062500000000e+04
-6.969493750000000000e+04
-6.970485937500000000e+04
-6.971642187500000000e+04
-6.973030468750000000e+04
-6.974864843750000000e+04
-6.977350781250000000e+04
-6.981256250000000000e+04
-6.981859375000000000e+04
-6.974718750000000000e+04
-6.977158593750000000e+04
-6.977011718750000000e+04
-6.977039062500000000e+04
-6.977314843750000000e+04
-6.977338281250000000e+04
-6.978616406250000000e+04
-6.979456250000000000e+04
-6.980598437500000000e+04
-6.981993750000000000e+04
-6.983710937500000000e+04
-6.986399218750000000e+04
-6.991191406250000000e+04
-6.983901562500000000e+04
-6.985439843750000000e+04
-6.985340625000000000e+04
-6.985657031250000000e+04
-6.986211718750000000e+04
-6.986903906250000000e+04
-6.987750781250000000e+04
-6.988740625000000000e+04
-6.989918750000000000e+04
-6.991365625000000000e+04
-6.993300781250000000e+04
-6.996343750000000000e+04
-6.996327343750000000e+04
-6.994439843750000000e+04
-6.994699218750000000e+04
-6.995341406250000000e+04
-6.996364062500000000e+04
-6.997937500000000000e+04
-7.000482812500000000e+04
-7.004513281250000000e+04
-7.004534375000000000e+04
-7.001652343750000000e+04
-7.003144531250000000e+04
-7.006253125000000000e+04
-6.999017187500000000e+04
-7.001964843750000000e+04
-7.001832031250000000e+04
-7.002107812500000000e+04
-7.002689062500000000e+04
-7.003480468750000000e+04
-7.004565625000000000e+04
-7.005899218750000000e+04
-7.007710156250000000e+04
-7.010600000000000000e+04
-7.012556250000000000e+04
-7.010219531250000000e+04
-7.011373437500000000e+04
-7.013771093750000000e+04
-7.015989062500000000e+04
-7.013775000000000000e+04
-7.015637500000000000e+04
-7.018878125000000000e+04
-7.019650000000000000e+04
-7.019777343750000000e+04
-7.016751562500000000e+04
-7.018003125000000000e+04
-7.020910937500000000e+04
-7.016151562500000000e+04
-7.016340625000000000e+04
-7.016061718750000000e+04
-7.016248437500000000e+04
-7.016681250000000000e+04
-7.017303125000000000e+04
-7.018025000000000000e+04
-7.018943750000000000e+04
-7.019999218750000000e+04
-7.021235156250000000e+04
-7.022786718750000000e+04
-7.024951562500000000e+04
-7.028697656250000000e+04
-7.019491406250000000e+04
-7.026950781250000000e+04
-7.027914843750000000e+04
-7.029812500000000000e+04
-7.033410156250000000e+04
-7.029106250000000000e+04
-7.027546875000000000e+04
-7.027241406250000000e+04
-7.027353125000000000e+04
-7.027763281250000000e+04
-7.028337500000000000e+04
-7.029007812500000000e+04
-7.029821093750000000e+04
-7.030721093750000000e+04
-7.031641406250000000e+04
-7.032814062500000000e+04
-7.034177343750000000e+04
-7.036004687500000000e+04
-7.038759375000000000e+04
-7.042810937500000000e+04
-7.043686718750000000e+04
-7.044078125000000000e+04
-7.042144531250000000e+04
-7.045478906250000000e+04
-7.041886718750000000e+04
-7.038170312500000000e+04
-7.038132031250000000e+04
-7.038265625000000000e+04
-7.038619531250000000e+04
-7.039103125000000000e+04
-7.039739062500000000e+04
-7.040448437500000000e+04
-7.041215625000000000e+04
-7.042072656250000000e+04
-7.043021875000000000e+04
-7.044146875000000000e+04
-7.045455468750000000e+04
-7.047238281250000000e+04
-7.049777343750000000e+04
-7.054490625000000000e+04
-7.044288281250000000e+04
-7.050350000000000000e+04
-7.050703906250000000e+04
-7.051664843750000000e+04
-7.053360156250000000e+04
-7.056618750000000000e+04
-7.050001562500000000e+04
-7.053085937500000000e+04
-7.053269531250000000e+04
-7.053654687500000000e+04
-7.054495312500000000e+04
-7.055837500000000000e+04
-7.057654687500000000e+04
-7.060904687500000000e+04
-7.056479687500000000e+04
-7.058116406250000000e+04
-7.058217187500000000e+04
-7.058798437500000000e+04
-7.059667187500000000e+04
-7.060938281250000000e+04
-7.062478125000000000e+04
-7.065388281250000000e+04
-7.066722656250000000e+04
-7.068411718750000000e+04
-7.068953125000000000e+04
-7.065381250000000000e+04
-7.065725000000000000e+04
-7.066899218750000000e+04
-7.069152343750000000e+04
-7.072713281250000000e+04
-7.073455468750000000e+04
-7.074039062500000000e+04
-7.073985156250000000e+04
-7.070432812500000000e+04
-7.068075000000000000e+04
-7.067722656250000000e+04
-7.067757031250000000e+04
-7.068147656250000000e+04
-7.068506250000000000e+04
-7.069115625000000000e+04
-7.069743750000000000e+04
-7.070460156250000000e+04
-7.071224218750000000e+04
-7.072103906250000000e+04
-7.072868750000000000e+04
-7.073718750000000000e+04
-7.074725000000000000e+04
-7.075776562500000000e+04
-7.077082812500000000e+04
-7.078838281250000000e+04
-7.081300000000000000e+04
-7.085989062500000000e+04
-7.071360156250000000e+04
-7.085714843750000000e+04
-7.087572656250000000e+04
-7.085653906250000000e+04
-7.088260156250000000e+04
-7.084203125000000000e+04
-7.083362500000000000e+04
-7.083234375000000000e+04
-7.083116406250000000e+04
-7.083435156250000000e+04
-7.084058593750000000e+04
-7.084658593750000000e+04
-7.085380468750000000e+04
-7.086113281250000000e+04
-7.087039062500000000e+04
-7.088127343750000000e+04
-7.089483593750000000e+04
-7.091371875000000000e+04
-7.094310156250000000e+04
-7.096225781250000000e+04
-7.093789843750000000e+04
-7.095017187500000000e+04
-7.097753125000000000e+04
-7.097078906250000000e+04
-7.094632031250000000e+04
-7.094575781250000000e+04
-7.094988281250000000e+04
-7.095870312500000000e+04
-7.097303125000000000e+04
-7.099296093750000000e+04
-7.103214843750000000e+04
-7.091957031250000000e+04
-7.102456250000000000e+04
-7.104620312500000000e+04
-7.103931250000000000e+04
-7.100423437500000000e+04
-7.100495312500000000e+04
-7.100710937500000000e+04
-7.101242187500000000e+04
-7.102090625000000000e+04
-7.103156250000000000e+04
-7.104617187500000000e+04
-7.106583593750000000e+04
-7.109853906250000000e+04
-7.106426562500000000e+04
-7.107637500000000000e+04
-7.107952343750000000e+04
-7.108758593750000000e+04
-7.110105468750000000e+04
-7.112518750000000000e+04
-7.116177343750000000e+04
-7.116860937500000000e+04
-7.117187500000000000e+04
-7.113416406250000000e+04
-7.111497656250000000e+04
-7.111067968750000000e+04
-7.111124218750000000e+04
-7.111474218750000000e+04
-7.112012500000000000e+04
-7.112632031250000000e+04
-7.113368750000000000e+04
-7.114217187500000000e+04
-7.115221875000000000e+04
-7.116355468750000000e+04
-7.117843750000000000e+04
-7.119818750000000000e+04
-7.123004687500000000e+04
-7.121200000000000000e+04
-7.120871093750000000e+04
-7.121124218750000000e+04
-7.121950000000000000e+04
-7.123267968750000000e+04
-7.125474218750000000e+04
-7.129503906250000000e+04
-7.121849218750000000e+04
-7.124837500000000000e+04
-7.124757031250000000e+04
-7.125182031250000000e+04
-7.125931250000000000e+04
-7.127043750000000000e+04
-7.128654687500000000e+04
-7.131220312500000000e+04
-7.134032031250000000e+04
-7.132857031250000000e+04
-7.136049218750000000e+04
-7.131788281250000000e+04
-7.130228125000000000e+04
-7.129790625000000000e+04
-7.130053906250000000e+04
-7.130415625000000000e+04
-7.130996093750000000e+04
-7.131770312500000000e+04
-7.132607031250000000e+04
-7.133577343750000000e+04
-7.134914062500000000e+04
-7.136418750000000000e+04
-7.138774218750000000e+04
-7.143296875000000000e+04
-7.131077343750000000e+04
-7.142054687500000000e+04
-7.144310156250000000e+04
-7.141827343750000000e+04
-7.139546093750000000e+04
-7.139192968750000000e+04
-7.139252343750000000e+04
-7.139621875000000000e+04
-7.140149218750000000e+04
-7.140932812500000000e+04
-7.141851562500000000e+04
-7.143010937500000000e+04
-7.144520312500000000e+04
-7.146614843750000000e+04
-7.150271875000000000e+04
-7.141178125000000000e+04
-7.149031250000000000e+04
-7.150325781250000000e+04
-7.153140625000000000e+04
-7.148167187500000000e+04
-7.149069531250000000e+04
-7.148836718750000000e+04
-7.149050000000000000e+04
-7.149610937500000000e+04
-7.150507031250000000e+04
-7.151666406250000000e+04
-7.153298437500000000e+04
-7.155861718750000000e+04
-7.159496875000000000e+04
-7.160396093750000000e+04
-7.158995312500000000e+04
-7.155803906250000000e+04
-7.155822656250000000e+04
-7.156353125000000000e+04
-7.157196875000000000e+04
-7.158519531250000000e+04
-7.160460156250000000e+04
-7.164044531250000000e+04
-7.154603906250000000e+04
-7.161512500000000000e+04
-7.162074218750000000e+04
-7.163473437500000000e+04
-7.166351562500000000e+04
-7.162010937500000000e+04
-7.162632031250000000e+04
-7.162447656250000000e+04
-7.162752343750000000e+04
-7.163377343750000000e+04
-7.164328906250000000e+04
-7.165670312500000000e+04
-7.167506250000000000e+04
-7.170684375000000000e+04
-7.166798437500000000e+04
-7.168291406250000000e+04
-7.168479687500000000e+04
-7.169178125000000000e+04
-7.170474218750000000e+04
-7.172681250000000000e+04
-7.176460156250000000e+04
-7.173127343750000000e+04
-7.171395312500000000e+04
-7.171075000000000000e+04
-7.171366406250000000e+04
-7.171899218750000000e+04
-7.172778906250000000e+04
-7.173920312500000000e+04
-7.175513281250000000e+04
-7.177784375000000000e+04
-7.181973437500000000e+04
-7.172396875000000000e+04
-7.178054687500000000e+04
-7.178453125000000000e+04
-7.179022656250000000e+04
-7.180031250000000000e+04
-7.184298437500000000e+04
-7.176763281250000000e+04
-7.180328125000000000e+04
-7.180282812500000000e+04
-7.180692187500000000e+04
-7.181435937500000000e+04
-7.182799218750000000e+04
-7.184861718750000000e+04
-7.188775000000000000e+04
-7.178075000000000000e+04
-7.186291406250000000e+04
-7.186917187500000000e+04
-7.188741406250000000e+04
-7.191582812500000000e+04
-7.189052343750000000e+04
-7.186735156250000000e+04
-7.186474218750000000e+04
-7.186742968750000000e+04
-7.187258593750000000e+04
-7.188066406250000000e+04
-7.189143750000000000e+04
-7.190531250000000000e+04
-7.192552343750000000e+04
-7.196072656250000000e+04
-7.188291406250000000e+04
-7.193582812500000000e+04
-7.194192187500000000e+04
-7.195330468750000000e+04
-7.197275781250000000e+04
-7.200733593750000000e+04
-7.201517187500000000e+04
-7.201367187500000000e+04
-7.198303906250000000e+04
-7.199247656250000000e+04
-7.201400000000000000e+04
-7.204168750000000000e+04
-7.203098437500000000e+04
-7.205406250000000000e+04
-7.203739843750000000e+04
-7.206840625000000000e+04
-7.204100781250000000e+04
-7.200655468750000000e+04
-7.200328906250000000e+04
-7.200432812500000000e+04
-7.200892187500000000e+04
-7.201339843750000000e+04
-7.201963281250000000e+04
-7.202838281250000000e+04
-7.203885937500000000e+04
-7.205087500000000000e+04
-7.206560937500000000e+04
-7.208683593750000000e+04
-7.212425000000000000e+04
-7.202541406250000000e+04
-7.210971875000000000e+04
-7.212155468750000000e+04
-7.214800781250000000e+04
-7.209914843750000000e+04
-7.210581250000000000e+04
-7.210276562500000000e+04
-7.210178906250000000e+04
-7.210209375000000000e+04
-7.211211718750000000e+04
-7.212475781250000000e+04
-7.213186718750000000e+04
-7.211524218750000000e+04
-7.215817187500000000e+04
-7.220012500000000000e+04
-7.219479687500000000e+04
-7.221702343750000000e+04
-7.219549218750000000e+04
-7.222478125000000000e+04
-7.218437500000000000e+04
-7.217696875000000000e+04
-7.217274218750000000e+04
-7.217347656250000000e+04
-7.217135937500000000e+04
-7.218057031250000000e+04
-7.218892187500000000e+04
-7.219714062500000000e+04
-7.217012500000000000e+04
-7.219450781250000000e+04
-7.223332812500000000e+04
-7.226646875000000000e+04
-7.221473437500000000e+04
-7.223491406250000000e+04
-7.224033593750000000e+04
-7.224764843750000000e+04
-7.226001562500000000e+04
-7.228027343750000000e+04
-7.231823437500000000e+04
-7.221539843750000000e+04
-7.229523437500000000e+04
-7.230293750000000000e+04
-7.231950000000000000e+04
-7.235270312500000000e+04
-7.227114062500000000e+04
-7.231193750000000000e+04
-7.231076562500000000e+04
-7.231482031250000000e+04
-7.232411718750000000e+04
-7.233621093750000000e+04
-7.235684375000000000e+04
-7.239436718750000000e+04
-7.229407031250000000e+04
-7.237045312500000000e+04
-7.237034375000000000e+04
-7.238413281250000000e+04
-7.242114062500000000e+04
-7.234427343750000000e+04
-7.238239843750000000e+04
-7.237810156250000000e+04
-7.238389062500000000e+04
-7.239131250000000000e+04
-7.240375000000000000e+04
-7.242207812500000000e+04
-7.245182031250000000e+04
-7.242946875000000000e+04
-7.242686718750000000e+04
-7.242775781250000000e+04
-7.243357031250000000e+04
-7.244435156250000000e+04
-7.246026562500000000e+04
-7.248703906250000000e+04
-7.249034375000000000e+04
-7.247006250000000000e+04
-7.247454687500000000e+04
-7.248516406250000000e+04
-7.250386718750000000e+04
-7.254042187500000000e+04
-7.245096875000000000e+04
-7.250100781250000000e+04
-7.250131250000000000e+04
-7.250761718750000000e+04
-7.251989062500000000e+04
-7.253867968750000000e+04
-7.257542187500000000e+04
-7.248446093750000000e+04
-7.254250000000000000e+04
-7.254579687500000000e+04
-7.255561718750000000e+04
-7.256361718750000000e+04
-7.260312500000000000e+04
-7.256451562500000000e+04
-7.258043750000000000e+04
-7.258726562500000000e+04
-7.260565625000000000e+04
-7.262872656250000000e+04
-7.262637500000000000e+04
-7.262164843750000000e+04
-7.259247656250000000e+04
-7.259243750000000000e+04
-7.259765625000000000e+04
-7.260738281250000000e+04
-7.262154687500000000e+04
-7.264595312500000000e+04
-7.267150781250000000e+04
-7.266333593750000000e+04
-7.268875781250000000e+04
-7.269398437500000000e+04
-7.267695312500000000e+04
-7.264319531250000000e+04
-7.264103906250000000e+04
-7.264251562500000000e+04
-7.264646875000000000e+04
-7.265284375000000000e+04
-7.266328125000000000e+04
-7.267510937500000000e+04
-7.269295312500000000e+04
-7.271925781250000000e+04
-7.274064843750000000e+04
-7.272496093750000000e+04
-7.274950000000000000e+04
-7.272967187500000000e+04
-7.271002343750000000e+04
-7.270710937500000000e+04
-7.270824218750000000e+04
-7.271264062500000000e+04
-7.271931250000000000e+04
-7.272874218750000000e+04
-7.274066406250000000e+04
-7.275715625000000000e+04
-7.278160156250000000e+04
-7.281983593750000000e+04
-7.282274218750000000e+04
-7.281068750000000000e+04
-7.283742187500000000e+04
-7.284283593750000000e+04
-7.284039843750000000e+04
-7.281914843750000000e+04
-7.278226562500000000e+04
-7.277710937500000000e+04
-7.277714843750000000e+04
-7.277889843750000000e+04
-7.278263281250000000e+04
-7.278733593750000000e+04
-7.279350781250000000e+04
-7.280003125000000000e+04
-7.280646875000000000e+04
-7.281396875000000000e+04
-7.282207812500000000e+04
-7.283015625000000000e+04
-7.284022656250000000e+04
-7.285142187500000000e+04
-7.286608593750000000e+04
-7.288655468750000000e+04
-7.292239062500000000e+04
-7.282642968750000000e+04
-7.290709375000000000e+04
-7.291751562500000000e+04
-7.294064843750000000e+04
-7.293107031250000000e+04
-7.290666406250000000e+04
-7.290499218750000000e+04
-7.290756250000000000e+04
-7.291267968750000000e+04
-7.292102343750000000e+04
-7.293244531250000000e+04
-7.294840625000000000e+04
-7.297284375000000000e+04
-7.301037500000000000e+04
-7.300469531250000000e+04
-7.297812500000000000e+04
-7.298629687500000000e+04
-7.300458593750000000e+04
-7.303633593750000000e+04
-7.303546093750000000e+04
-7.301172656250000000e+04
-7.302727343750000000e+04
-7.305819531250000000e+04
-7.302522656250000000e+04
-7.299629687500000000e+04
-7.299232031250000000e+04
-7.299225781250000000e+04
-7.299475781250000000e+04
-7.299925781250000000e+04
-7.300475781250000000e+04
-7.301125781250000000e+04
-7.301875000000000000e+04
-7.302741406250000000e+04
-7.303758593750000000e+04
-7.304996875000000000e+04
-7.306640625000000000e+04
-7.309123437500000000e+04
-7.313169531250000000e+04
-7.309655468750000000e+04
-7.307651562500000000e+04
-7.307368750000000000e+04
-7.307645312500000000e+04
-7.308089843750000000e+04
-7.308760937500000000e+04
-7.309682812500000000e+04
-7.310832812500000000e+04
-7.312404687500000000e+04
-7.314751562500000000e+04
-7.318731250000000000e+04
-7.312869531250000000e+04
-7.313456250000000000e+04
-7.313228125000000000e+04
-7.313410156250000000e+04
-7.313783593750000000e+04
-7.314463281250000000e+04
-7.315275781250000000e+04
-7.316482812500000000e+04
-7.318010156250000000e+04
-7.320439062500000000e+04
-7.324149218750000000e+04
-7.323563281250000000e+04
-7.321039062500000000e+04
-7.322092187500000000e+04
-7.324202343750000000e+04
-7.325882812500000000e+04
-7.323607031250000000e+04
-7.325518750000000000e+04
-7.328072656250000000e+04
-7.327935937500000000e+04
-7.327811718750000000e+04
-7.325265625000000000e+04
-7.325767187500000000e+04
-7.327333593750000000e+04
-7.330531250000000000e+04
-7.324485937500000000e+04
-7.324955468750000000e+04
-7.324636718750000000e+04
-7.324620312500000000e+04
-7.324855468750000000e+04
-7.325277343750000000e+04
-7.325827343750000000e+04
-7.326547656250000000e+04
-7.327378125000000000e+04
-7.328346093750000000e+04
-7.329553906250000000e+04
-7.330985937500000000e+04
-7.333335156250000000e+04
-7.337463281250000000e+04
-7.327169531250000000e+04
-7.333176562500000000e+04
-7.333438281250000000e+04
-7.334228125000000000e+04
-7.335207031250000000e+04
-7.337268750000000000e+04
-7.339857812500000000e+04
-7.339811718750000000e+04
-7.337680468750000000e+04
-7.335539062500000000e+04
-7.335214062500000000e+04
-7.335249218750000000e+04
-7.335620312500000000e+04
-7.336173437500000000e+04
-7.336921875000000000e+04
-7.337822656250000000e+04
-7.339020312500000000e+04
-7.340591406250000000e+04
-7.342984375000000000e+04
-7.346741406250000000e+04
-7.343815625000000000e+04
-7.341953125000000000e+04
-7.341839062500000000e+04
-7.342142187500000000e+04
-7.342742968750000000e+04
-7.343610937500000000e+04
-7.344806250000000000e+04
-7.346525000000000000e+04
-7.349374218750000000e+04
-7.346853125000000000e+04
-7.346900000000000000e+04
-7.346912500000000000e+04
-7.347382812500000000e+04
-7.348248437500000000e+04
-7.349496093750000000e+04
-7.351519531250000000e+04
-7.355210156250000000e+04
-7.347264062500000000e+04
-7.351055468750000000e+04
-7.350982031250000000e+04
-7.351341406250000000e+04
-7.352154687500000000e+04
-7.353389843750000000e+04
-7.355341406250000000e+04
-7.358963281250000000e+04
-7.350056250000000000e+04
-7.351525000000000000e+04
-7.353514843750000000e+04
-7.354916406250000000e+04
-7.355384375000000000e+04
-7.356206250000000000e+04
-7.357467968750000000e+04
-7.359537500000000000e+04
-7.363265625000000000e+04
-7.353589843750000000e+04
-7.359871093750000000e+04
-7.360154687500000000e+04
-7.360985937500000000e+04
-7.362554687500000000e+04
-7.365757031250000000e+04
-7.358623437500000000e+04
-7.362170312500000000e+04
-7.362051562500000000e+04
-7.362496093750000000e+04
-7.363290625000000000e+04
-7.364627343750000000e+04
-7.366875000000000000e+04
-7.370316406250000000e+04
-7.368977343750000000e+04
-7.366315625000000000e+04
-7.366777343750000000e+04
-7.367685156250000000e+04
-7.369219531250000000e+04
-7.372389843750000000e+04
-7.366312500000000000e+04
-7.368953125000000000e+04
-7.368552343750000000e+04
-7.369100781250000000e+04
-7.370357031250000000e+04
-7.372063281250000000e+04
-7.375236718750000000e+04
-7.367505468750000000e+04
-7.371725781250000000e+04
-7.371664843750000000e+04
-7.372151562500000000e+04
-7.373218750000000000e+04
-7.375043750000000000e+04
-7.378449218750000000e+04
-7.369984375000000000e+04
-7.375007812500000000e+04
-7.375140625000000000e+04
-7.375785156250000000e+04
-7.376776562500000000e+04
-7.379273437500000000e+04
-7.379768750000000000e+04
-7.377782812500000000e+04
-7.378413281250000000e+04
-7.379811718750000000e+04
-7.382310937500000000e+04
-7.381889062500000000e+04
-7.379778125000000000e+04
-7.379875000000000000e+04
-7.381782031250000000e+04
-7.381124218750000000e+04
-7.381937500000000000e+04
-7.383946093750000000e+04
-7.387578125000000000e+04
-7.384266406250000000e+04
-7.382246093750000000e+04
-7.381894531250000000e+04
-7.382068750000000000e+04
-7.382457031250000000e+04
-7.383088281250000000e+04
-7.384059375000000000e+04
-7.385428906250000000e+04
-7.387450781250000000e+04
-7.391129687500000000e+04
-7.380455468750000000e+04
-7.389133593750000000e+04
-7.390112500000000000e+04
-7.392507031250000000e+04
-7.389624218750000000e+04
-7.388481250000000000e+04
-7.388157031250000000e+04
-7.388220312500000000e+04
-7.388645312500000000e+04
-7.389261718750000000e+04
-7.390130468750000000e+04
-7.391318750000000000e+04
-7.392968750000000000e+04
-7.395561718750000000e+04
-7.397633593750000000e+04
-7.396023437500000000e+04
-7.398338281250000000e+04
-7.397402343750000000e+04
-7.394973437500000000e+04
-7.394810937500000000e+04
-7.395089843750000000e+04
-7.395713281250000000e+04
-7.396614062500000000e+04
-7.397921093750000000e+04
-7.399935156250000000e+04
-7.403764062500000000e+04
-7.393351562500000000e+04
-7.401182812500000000e+04
-7.401853125000000000e+04
-7.403602343750000000e+04
-7.406509375000000000e+04
-7.406703125000000000e+04
-7.405595312500000000e+04
-7.408028125000000000e+04
-7.408538281250000000e+04
-7.406894531250000000e+04
-7.402869531250000000e+04
-7.402598437500000000e+04
-7.402837500000000000e+04
-7.403323437500000000e+04
-7.404107031250000000e+04
-7.405127343750000000e+04
-7.406515625000000000e+04
-7.408522656250000000e+04
-7.412150000000000000e+04
-7.402187500000000000e+04
-7.410037500000000000e+04
-7.410953125000000000e+04
-7.413065625000000000e+04
-7.413766406250000000e+04
-7.411282031250000000e+04
-7.411932031250000000e+04
-7.413328906250000000e+04
-7.416198437500000000e+04
-7.410464062500000000e+04
-7.412335156250000000e+04
-7.412061718750000000e+04
-7.412315625000000000e+04
-7.412971875000000000e+04
-7.413940625000000000e+04
-7.415368750000000000e+04
-7.417610937500000000e+04
-7.421384375000000000e+04
-7.417626562500000000e+04
-7.416258593750000000e+04
-7.415926562500000000e+04
-7.416116406250000000e+04
-7.416482031250000000e+04
-7.417334375000000000e+04
-7.418136718750000000e+04
-7.419627343750000000e+04
-7.421861718750000000e+04
-7.425810937500000000e+04
-7.415422656250000000e+04
-7.422639062500000000e+04
-7.423164843750000000e+04
-7.424642187500000000e+04
-7.427596093750000000e+04
-7.421313281250000000e+04
-7.423359375000000000e+04
-7.423108593750000000e+04
-7.423236718750000000e+04
-7.423859375000000000e+04
-7.424754687500000000e+04
-7.426132812500000000e+04
-7.428260156250000000e+04
-7.432115625000000000e+04
-7.422889062500000000e+04
-7.428403906250000000e+04
-7.428526562500000000e+04
-7.429310937500000000e+04
-7.430739062500000000e+04
-7.433668750000000000e+04
-7.428013281250000000e+04
-7.430270312500000000e+04
-7.430150000000000000e+04
-7.430517187500000000e+04
-7.431284375000000000e+04
-7.432551562500000000e+04
-7.434617187500000000e+04
-7.438371875000000000e+04
-7.430033593750000000e+04
-7.434071875000000000e+04
-7.434024218750000000e+04
-7.434496093750000000e+04
-7.435343750000000000e+04
-7.436787500000000000e+04
-7.439236718750000000e+04
-7.440295312500000000e+04
-7.438252343750000000e+04
-7.439243750000000000e+04
-7.441186718750000000e+04
-7.443331250000000000e+04
-7.442583593750000000e+04
-7.444632031250000000e+04
-7.444340625000000000e+04
-7.443605468750000000e+04
-7.440285937500000000e+04
-7.440108593750000000e+04
-7.440365625000000000e+04
-7.441051562500000000e+04
-7.442117968750000000e+04
-7.443707031250000000e+04
-7.446389062500000000e+04
-7.445859375000000000e+04
-7.444231250000000000e+04
-7.444421093750000000e+04
-7.445089843750000000e+04
-7.446292187500000000e+04
-7.448355468750000000e+04
-7.451625781250000000e+04
-7.451979687500000000e+04
-7.451434375000000000e+04
-7.452083593750000000e+04
-7.449006250000000000e+04
-7.449514843750000000e+04
-7.450955468750000000e+04
-7.453882812500000000e+04
-7.448549218750000000e+04
-7.449671093750000000e+04
-7.449350000000000000e+04
-7.449487500000000000e+04
-7.449949218750000000e+04
-7.450705468750000000e+04
-7.451730468750000000e+04
-7.453157812500000000e+04
-7.455333593750000000e+04
-7.459186718750000000e+04
-7.450338281250000000e+04
-7.455020312500000000e+04
-7.455049218750000000e+04
-7.455613281250000000e+04
-7.456668750000000000e+04
-7.458502343750000000e+04
-7.462021093750000000e+04
-7.453562500000000000e+04
-7.458032031250000000e+04
-7.457992968750000000e+04
-7.458441406250000000e+04
-7.459496093750000000e+04
-7.461408593750000000e+04
-7.465013281250000000e+04
-7.456364843750000000e+04
-7.461097656250000000e+04
-7.461217187500000000e+04
-7.461978125000000000e+04
-7.463331250000000000e+04
-7.465753906250000000e+04
-7.466353906250000000e+04
-7.464340625000000000e+04
-7.465075781250000000e+04
-7.466767187500000000e+04
-7.469941406250000000e+04
-7.464317968750000000e+04
-7.465169531250000000e+04
-7.464850781250000000e+04
-7.464994531250000000e+04
-7.464397656250000000e+04
-7.465439843750000000e+04
-7.466841406250000000e+04
-7.468991406250000000e+04
-7.472772656250000000e+04
-7.463354687500000000e+04
-7.468639062500000000e+04
-7.469524218750000000e+04
-7.471254687500000000e+04
-7.474303906250000000e+04
-7.468475000000000000e+04
-7.470483593750000000e+04
-7.470282812500000000e+04
-7.470596875000000000e+04
-7.471215625000000000e+04
-7.472260937500000000e+04
-7.473848437500000000e+04
-7.476494531250000000e+04
-7.476133593750000000e+04
-7.474913281250000000e+04
-7.475281250000000000e+04
-7.476409375000000000e+04
-7.478497656250000000e+04
-7.481117187500000000e+04
-7.481459375000000000e+04
-7.478653906250000000e+04
-7.476476562500000000e+04
-7.476024218750000000e+04
-7.475269531250000000e+04
-7.476474218750000000e+04
-7.476814062500000000e+04
-7.477902343750000000e+04
-7.479143750000000000e+04
-7.480648437500000000e+04
-7.482946093750000000e+04
-7.486806250000000000e+04
-7.481324218750000000e+04
-7.481722656250000000e+04
-7.481291406250000000e+04
-7.481693750000000000e+04
-7.482194531250000000e+04
-7.482971875000000000e+04
-7.484359375000000000e+04
-7.486141406250000000e+04
-7.489340625000000000e+04
-7.482941406250000000e+04
-7.486797656250000000e+04
-7.487009375000000000e+04
-7.487845312500000000e+04
-7.489286718750000000e+04
-7.492225781250000000e+04
-7.487105468750000000e+04
-7.488978906250000000e+04
-7.488928125000000000e+04
-7.489307812500000000e+04
-7.490245312500000000e+04
-7.491579687500000000e+04
-7.494245312500000000e+04
-7.494136718750000000e+04
-7.492739062500000000e+04
-7.493151562500000000e+04
-7.494678906250000000e+04
-7.497472656250000000e+04
-7.492865625000000000e+04
-7.493921093750000000e+04
-7.493558593750000000e+04
-7.493973437500000000e+04
-7.494723437500000000e+04
-7.495857812500000000e+04
-7.497791406250000000e+04
-7.501207031250000000e+04
-7.492826562500000000e+04
-7.498322656250000000e+04
-7.498769531250000000e+04
-7.500088281250000000e+04
-7.502507031250000000e+04
-7.502412500000000000e+04
-7.500607812500000000e+04
-7.500618750000000000e+04
-7.501508593750000000e+04
-7.503139062500000000e+04
-7.506457031250000000e+04
-7.500110156250000000e+04
-7.501314062500000000e+04
-7.500685937500000000e+04
-7.500940625000000000e+04
-7.501122656250000000e+04
-7.501863281250000000e+04
-7.502909375000000000e+04
-7.504075000000000000e+04
-7.505688281250000000e+04
-7.508791406250000000e+04
-7.503318750000000000e+04
-7.506285156250000000e+04
-7.506337500000000000e+04
-7.506936718750000000e+04
-7.507850781250000000e+04
-7.509483593750000000e+04
-7.512560937500000000e+04
-7.504849218750000000e+04
-7.509676562500000000e+04
-7.509647656250000000e+04
-7.510192187500000000e+04
-7.511481250000000000e+04
-7.512660156250000000e+04
-7.514557812500000000e+04
-7.512781250000000000e+04
-7.513550781250000000e+04
-7.515933593750000000e+04
-7.512239843750000000e+04
-7.511671093750000000e+04
-7.511297656250000000e+04
-7.511172656250000000e+04
-7.511588281250000000e+04
-7.512127343750000000e+04
-7.512755468750000000e+04
-7.513967968750000000e+04
-7.515563281250000000e+04
-7.518171093750000000e+04
-7.519310156250000000e+04
-7.517381250000000000e+04
-7.518198437500000000e+04
-7.520340625000000000e+04
-7.522725781250000000e+04
-7.522606250000000000e+04
-7.520910937500000000e+04
-7.518164843750000000e+04
-7.517828125000000000e+04
-7.517840625000000000e+04
-7.518119531250000000e+04
-7.518656250000000000e+04
-7.519450781250000000e+04
-7.520518750000000000e+04
-7.522053125000000000e+04
-7.524477343750000000e+04
-7.527781250000000000e+04
-7.528417187500000000e+04
-7.523127343750000000e+04
-7.522371875000000000e+04
-7.521850781250000000e+04
-7.521804687500000000e+04
-7.522064843750000000e+04
-7.522175000000000000e+04
-7.522684375000000000e+04
-7.523258593750000000e+04
-7.523999218750000000e+04
-7.524836718750000000e+04
-7.525857812500000000e+04
-7.527153125000000000e+04
-7.528969531250000000e+04
-7.531874218750000000e+04
-7.531715625000000000e+04
-7.529771875000000000e+04
-7.530117187500000000e+04
-7.530933593750000000e+04
-7.532373437500000000e+04
-7.534964062500000000e+04
-7.535891406250000000e+04
-7.534338281250000000e+04
-7.535296875000000000e+04
-7.537846875000000000e+04
-7.532181250000000000e+04
-7.532955468750000000e+04
-7.532416406250000000e+04
-7.532350000000000000e+04
-7.532542187500000000e+04
-7.532892968750000000e+04
-7.533463281250000000e+04
-7.534287500000000000e+04
-7.535258593750000000e+04
-7.536634375000000000e+04
-7.538635156250000000e+04
-7.542403906250000000e+04
-7.530473437500000000e+04
-7.541054687500000000e+04
-7.542618750000000000e+04
-7.544357031250000000e+04
-7.543128125000000000e+04
-7.545539843750000000e+04
-7.542636718750000000e+04
-7.540088281250000000e+04
-7.539487500000000000e+04
-7.539468750000000000e+04
-7.539657812500000000e+04
-7.539995312500000000e+04
-7.540573437500000000e+04
-7.541228906250000000e+04
-7.542008593750000000e+04
-7.543071093750000000e+04
-7.544437500000000000e+04
-7.546322656250000000e+04
-7.549796875000000000e+04
-7.540162500000000000e+04
-7.547918750000000000e+04
-7.548541406250000000e+04
-7.550753125000000000e+04
-7.551574218750000000e+04
-7.549534375000000000e+04
-7.550571093750000000e+04
-7.553211718750000000e+04
-7.548429687500000000e+04
-7.548565625000000000e+04
-7.547738281250000000e+04
-7.547816406250000000e+04
-7.548021093750000000e+04
-7.548764062500000000e+04
-7.549646875000000000e+04
-7.550835156250000000e+04
-7.552086718750000000e+04
-7.553644531250000000e+04
-7.557161718750000000e+04
-7.547189062500000000e+04
-7.556014062500000000e+04
-7.557386718750000000e+04
-7.560137500000000000e+04
-7.558575000000000000e+04
-7.555694531250000000e+04
-7.555569531250000000e+04
-7.555939843750000000e+04
-7.556758593750000000e+04
-7.558155468750000000e+04
-7.560494531250000000e+04
-7.562919531250000000e+04
-7.562142968750000000e+04
-7.564302343750000000e+04
-7.564082812500000000e+04
-7.562583593750000000e+04
-7.559339843750000000e+04
-7.559027343750000000e+04
-7.559314062500000000e+04
-7.559851562500000000e+04
-7.560372656250000000e+04
-7.561903906250000000e+04
-7.563749218750000000e+04
-7.567018750000000000e+04
-7.558818750000000000e+04
-7.564410937500000000e+04
-7.564642187500000000e+04
-7.565619531250000000e+04
-7.567525000000000000e+04
-7.570330468750000000e+04
-7.570679687500000000e+04
-7.570516406250000000e+04
-7.569530468750000000e+04
-7.566073437500000000e+04
-7.566023437500000000e+04
-7.565376562500000000e+04
-7.565681250000000000e+04
-7.566777343750000000e+04
-7.568571093750000000e+04
-7.571224218750000000e+04
-7.573737500000000000e+04
-7.572800781250000000e+04
-7.575392187500000000e+04
-7.575504687500000000e+04
-7.574107031250000000e+04
-7.576594531250000000e+04
-7.574446875000000000e+04
-7.571210937500000000e+04
-7.570802343750000000e+04
-7.570850781250000000e+04
-7.571249218750000000e+04
-7.571850781250000000e+04
-7.572671875000000000e+04
-7.573794531250000000e+04
-7.575347656250000000e+04
-7.577923437500000000e+04
-7.580010156250000000e+04
-7.578426562500000000e+04
-7.580600000000000000e+04
-7.579683593750000000e+04
-7.577136718750000000e+04
-7.576888281250000000e+04
-7.577057812500000000e+04
-7.577628906250000000e+04
-7.578533593750000000e+04
-7.579898437500000000e+04
-7.582125781250000000e+04
-7.585630468750000000e+04
-7.585538281250000000e+04
-7.583769531250000000e+04
-7.585887500000000000e+04
-7.583642968750000000e+04
-7.581278906250000000e+04
-7.580744531250000000e+04
-7.580675781250000000e+04
-7.580892968750000000e+04
-7.581332031250000000e+04
-7.581957812500000000e+04
-7.582821875000000000e+04
-7.583948437500000000e+04
-7.585460937500000000e+04
-7.587878906250000000e+04
-7.591323437500000000e+04
-7.591940625000000000e+04
-7.592285156250000000e+04
-7.592153125000000000e+04
-7.590162500000000000e+04
-7.586940625000000000e+04
-7.586464843750000000e+04
-7.586388281250000000e+04
-7.586582031250000000e+04
-7.586984375000000000e+04
-7.587557031250000000e+04
-7.588290625000000000e+04
-7.589180468750000000e+04
-7.590385156250000000e+04
-7.592042968750000000e+04
-7.594724218750000000e+04
-7.595546875000000000e+04
-7.593703125000000000e+04
-7.594498437500000000e+04
-7.596295312500000000e+04
-7.599432031250000000e+04
-7.595664062500000000e+04
-7.594071093750000000e+04
-7.593585156250000000e+04
-7.593576562500000000e+04
-7.593875781250000000e+04
-7.594371875000000000e+04
-7.595097656250000000e+04
-7.596059375000000000e+04
-7.597410937500000000e+04
-7.599392187500000000e+04
-7.603098437500000000e+04
-7.591767968750000000e+04
-7.601452343750000000e+04
-7.602792187500000000e+04
-7.605256250000000000e+04
-7.605098437500000000e+04
-7.603177343750000000e+04
-7.604784375000000000e+04
-7.606252343750000000e+04
-7.604419531250000000e+04
-7.606318750000000000e+04
-7.606606250000000000e+04
-7.603735937500000000e+04
-7.603929687500000000e+04
-7.604715625000000000e+04
-7.606334375000000000e+04
-7.609646093750000000e+04
-7.600824218750000000e+04
-7.605748437500000000e+04
-7.605573437500000000e+04
-7.605503125000000000e+04
-7.606908593750000000e+04
-7.608492968750000000e+04
-7.611437500000000000e+04
-7.606260156250000000e+04
-7.607729687500000000e+04
-7.607540625000000000e+04
-7.607860937500000000e+04
-7.608651562500000000e+04
-7.609882812500000000e+04
-7.611871875000000000e+04
-7.615583593750000000e+04
-7.605967187500000000e+04
-7.611869531250000000e+04
-7.611989062500000000e+04
-7.612771875000000000e+04
-7.614393750000000000e+04
-7.617643750000000000e+04
-7.610082031250000000e+04
-7.613249218750000000e+04
-7.612899218750000000e+04
-7.613062500000000000e+04
-7.613947656250000000e+04
-7.615226562500000000e+04
-7.616903906250000000e+04
-7.620668750000000000e+04
-7.611230468750000000e+04
-7.617271093750000000e+04
-7.617463281250000000e+04
-7.618360937500000000e+04
-7.620026562500000000e+04
-7.623282031250000000e+04
-7.618596875000000000e+04
-7.618043750000000000e+04
-7.617616406250000000e+04
-7.617710937500000000e+04
