2.302584960937500000e+04
1.755907592773437500e+03
1.647807373046875000e+03
-9.620512695312500000e+02
-3.293990966796875000e+03
-4.290446777343750000e+03
-5.766248046875000000e+03
-6.858367675781250000e+03
-7.633957519531250000e+03
-8.715812500000000000e+03
-9.454560546875000000e+03
-1.007633886718750000e+04
-1.041174218750000000e+04
-1.057973828125000000e+04
-1.158193359375000000e+04
-1.179200195312500000e+04
-1.220421191406250000e+04
-1.242684765625000000e+04
-1.252432128906250000e+04
-1.303888574218750000e+04
-1.335295898437500000e+04
-1.343174707031250000e+04
-1.369084960937500000e+04
-1.408482812500000000e+04
-1.405407031250000000e+04
-1.425125097656250000e+04
-1.390799902343750000e+04
-1.451386718750000000e+04
-1.461346289062500000e+04
-1.495465527343750000e+04
-1.505757031250000000e+04
-1.518817968750000000e+04
-1.547836425781250000e+04
-1.543074218750000000e+04
-1.570020507812500000e+04
-1.587479785156250000e+04
-1.589999609375000000e+04
-1.573249609375000000e+04
-1.593548144531250000e+04
-1.600690722656250000e+04
-1.635609375000000000e+04
-1.633683203125000000e+04
-1.639786132812500000e+04
-1.646698046875000000e+04
-1.647858007812500000e+04
-1.669707812500000000e+04
-1.641577539062500000e+04
-1.656868750000000000e+04
-1.676578320312500000e+04
-1.695202343750000000e+04
-1.645936328125000000e+04
-1.728570507812500000e+04
-1.667166796875000000e+04
-1.677286132812500000e+04
-1.734726757812500000e+04
-1.763306054687500000e+04
-1.713400390625000000e+04
-1.720750000000000000e+04
-1.747529882812500000e+04
-1.737768359375000000e+04
-1.739950390625000000e+04
-1.759225781250000000e+04
-1.799016796875000000e+04
-1.770307421875000000e+04
-1.750151953125000000e+04
-1.764611523437500000e+04
-1.799109570312500000e+04
-1.770776562500000000e+04
-1.789465820312500000e+04
-1.806547265625000000e+04
-1.811061328125000000e+04
-1.824081054687500000e+04
-1.809457812500000000e+04
-1.841328710937500000e+04
-1.844899609375000000e+04
-1.843830664062500000e+04
-1.827186328125000000e+04
-1.792123828125000000e+04
-1.869743164062500000e+04
-1.845520117187500000e+04
-1.838995898437500000e+04
-1.873078515625000000e+04
-1.866776171875000000e+04
-1.903334765625000000e+04
-1.872312304687500000e+04
-1.902413281250000000e+04
-1.896953906250000000e+04
-1.859502734375000000e+04
-1.834554882812500000e+04
-1.891353710937500000e+04
-1.909730468750000000e+04
-1.889950000000000000e+04
-1.926811718750000000e+04
-1.918060351562500000e+04
-1.910370507812500000e+04
-1.909233203125000000e+04
-1.926009765625000000e+04
-1.925654687500000000e+04
-1.914347070312500000e+04
-1.940987695312500000e+04
-1.924926367187500000e+04
-1.940918750000000000e+04
-1.933548828125000000e+04
-1.957864453125000000e+04
-1.930337109375000000e+04
-1.933635351562500000e+04
-1.951524023437500000e+04
-1.950986132812500000e+04
-1.946428515625000000e+04
-1.961910937500000000e+04
-1.983681250000000000e+04
-1.975069335937500000e+04
-1.976560937500000000e+04
-1.984228320312500000e+04
-1.998632421875000000e+04
-1.997133984375000000e+04
-1.990587109375000000e+04
-2.001083398437500000e+04
-1.973395312500000000e+04
-1.982271484375000000e+04
-2.014624609375000000e+04
-2.001718359375000000e+04
-2.020652929687500000e+04
-2.036410546875000000e+04
-2.021471875000000000e+04
-2.047107031250000000e+04
-2.043016992187500000e+04
-2.029840429687500000e+04
-2.032821679687500000e+04
-2.025274609375000000e+04
-2.049683789062500000e+04
-2.017058789062500000e+04
-2.069464453125000000e+04
-2.075121093750000000e+04
-2.058044921875000000e+04
-2.048966796875000000e+04
-2.058430664062500000e+04
-2.091407226562500000e+04
-2.090550195312500000e+04
-2.065140625000000000e+04
-2.069356640625000000e+04
-2.059062695312500000e+04
-2.091353125000000000e+04
-2.069579882812500000e+04
-2.061411523437500000e+04
-2.074244921875000000e+04
-2.076260351562500000e+04
-2.096805468750000000e+04
-2.081333984375000000e+04
-2.090995703125000000e+04
-2.064205273437500000e+04
-2.094184179687500000e+04
-2.113866210937500000e+04
-2.124168359375000000e+04
-2.125927929687500000e+04
-2.103466601562500000e+04
-2.126106054687500000e+04
-2.146891601562500000e+04
-2.120610546875000000e+04
-2.103488671875000000e+04
-2.134874414062500000e+04
-2.119508789062500000e+04
-2.120250000000000000e+04
-2.099048437500000000e+04
-2.160067578125000000e+04
-2.104699609375000000e+04
-2.153304296875000000e+04
-2.158831445312500000e+04
-2.157448242187500000e+04
-2.161612890625000000e+04
-2.140737500000000000e+04
-2.141101953125000000e+04
-2.162566406250000000e+04
-2.144224218750000000e+04
-2.159355078125000000e+04
-2.175441210937500000e+04
-2.179012304687500000e+04
-2.164096679687500000e+04
-2.172420703125000000e+04
-2.167033398437500000e+04
-2.206886718750000000e+04
-2.189633593750000000e+04
-2.169300781250000000e+04
-2.144730273437500000e+04
-2.147648828125000000e+04
-2.146071875000000000e+04
-2.217489453125000000e+04
-2.177266210937500000e+04
-2.207874609375000000e+04
-2.207917578125000000e+04
-2.194143359375000000e+04
-2.218450000000000000e+04
-2.191793554687500000e+04
-2.189721875000000000e+04
-2.223103906250000000e+04
-2.213064062500000000e+04
-2.200684960937500000e+04
-2.220883203125000000e+04
-2.206635546875000000e+04
-2.237727734375000000e+04
-2.228807812500000000e+04
-2.204680859375000000e+04
-2.215372656250000000e+04
-2.150110742187500000e+04
-2.233334179687500000e+04
-2.228813671875000000e+04
-2.245553320312500000e+04
-2.202584375000000000e+04
-2.235004882812500000e+04
-2.186986718750000000e+04
-2.218335156250000000e+04
-2.217260351562500000e+04
-2.242698828125000000e+04
-2.254549218750000000e+04
-2.255462500000000000e+04
-2.245522070312500000e+04
-2.237638085937500000e+04
-2.265153515625000000e+04
-2.263357617187500000e+04
-2.235548046875000000e+04
-2.247225585937500000e+04
-2.263702539062500000e+04
-2.263555664062500000e+04
-2.282373046875000000e+04
-2.241774023437500000e+04
-2.265424804687500000e+04
-2.267256054687500000e+04
-2.241605468750000000e+04
-2.256099804687500000e+04
-2.275985742187500000e+04
-2.248379296875000000e+04
-2.277959179687500000e+04
-2.270206445312500000e+04
-2.287530664062500000e+04
-2.293236914062500000e+04
-2.279448437500000000e+04
-2.276345507812500000e+04
-2.266641796875000000e+04
-2.330705859375000000e+04
-2.275031250000000000e+04
-2.279635937500000000e+04
-2.283371875000000000e+04
-2.265332031250000000e+04
-2.276702734375000000e+04
-2.316530468750000000e+04
-2.313216796875000000e+04
-2.307401757812500000e+04
-2.290305273437500000e+04
-2.308281835937500000e+04
-2.285172070312500000e+04
-2.338503906250000000e+04
-2.259421093750000000e+04
-2.354651367187500000e+04
-2.294475000000000000e+04
-2.277446484375000000e+04
-2.298086328125000000e+04
-2.320439257812500000e+04
-2.348382226562500000e+04
-2.331111132812500000e+04
-2.333162890625000000e+04
-2.333863085937500000e+04
-2.311464257812500000e+04
-2.360109960937500000e+04
-2.354115429687500000e+04
-2.354774609375000000e+04
-2.340801757812500000e+04
-2.339814843750000000e+04
-2.369151562500000000e+04
-2.335976367187500000e+04
-2.304228515625000000e+04
-2.333036132812500000e+04
-2.336659765625000000e+04
-2.339113867187500000e+04
-2.364336328125000000e+04
-2.324264648437500000e+04
-2.351740625000000000e+04
-2.345154296875000000e+04
-2.351990429687500000e+04
-2.348562304687500000e+04
-2.347189062500000000e+04
-2.365750976562500000e+04
-2.386390429687500000e+04
-2.353056250000000000e+04
-2.368391601562500000e+04
-2.355165625000000000e+04
-2.385116210937500000e+04
-2.379401171875000000e+04
-2.398831640625000000e+04
-2.345035351562500000e+04
-2.362386718750000000e+04
-2.380750195312500000e+04
-2.391917968750000000e+04
-2.351695507812500000e+04
-2.390852148437500000e+04
-2.349599414062500000e+04
-2.387825390625000000e+04
-2.362583007812500000e+04
-2.372409570312500000e+04
-2.376948437500000000e+04
-2.398480664062500000e+04
-2.388785546875000000e+04
-2.395200585937500000e+04
-2.415163671875000000e+04
-2.374052539062500000e+04
-2.386175585937500000e+04
-2.375196875000000000e+04
-2.428665429687500000e+04
-2.414110351562500000e+04
-2.388935546875000000e+04
-2.418108789062500000e+04
-2.400414648437500000e+04
-2.419386523437500000e+04
-2.413838476562500000e+04
-2.417151367187500000e+04
-2.429668750000000000e+04
-2.391072656250000000e+04
-2.414446484375000000e+04
-2.406632617187500000e+04
-2.389294921875000000e+04
-2.429811718750000000e+04
-2.423968945312500000e+04
-2.406357421875000000e+04
-2.428889648437500000e+04
-2.455214257812500000e+04
-2.439821484375000000e+04
-2.423680078125000000e+04
-2.435433203125000000e+04
-2.403426171875000000e+04
-2.408392187500000000e+04
-2.447347070312500000e+04
-2.418650781250000000e+04
-2.455011523437500000e+04
-2.421129687500000000e+04
-2.424071679687500000e+04
-2.462852539062500000e+04
-2.434304101562500000e+04
-2.443888867187500000e+04
-2.459900585937500000e+04
-2.436030664062500000e+04
-2.440824609375000000e+04
-2.438552734375000000e+04
-2.438429882812500000e+04
-2.412209570312500000e+04
-2.394712500000000000e+04
-2.436531250000000000e+04
-2.451423242187500000e+04
-2.473682617187500000e+04
-2.432333789062500000e+04
-2.445713671875000000e+04
-2.431368750000000000e+04
-2.445902539062500000e+04
-2.431017968750000000e+04
-2.490007812500000000e+04
-2.466968750000000000e+04
-2.459904687500000000e+04
-2.441439843750000000e+04
-2.454403515625000000e+04
-2.471315039062500000e+04
-2.489612890625000000e+04
-2.484182226562500000e+04
-2.477261523437500000e+04
-2.462766601562500000e+04
-2.473963085937500000e+04
-2.493798828125000000e+04
-2.452816601562500000e+04
-2.488244726562500000e+04
-2.509787695312500000e+04
-2.504532421875000000e+04
-2.502130273437500000e+04
-2.496545898437500000e+04
-2.475182421875000000e+04
-2.482506640625000000e+04
-2.493428515625000000e+04
-2.455155273437500000e+04
-2.491551171875000000e+04
-2.469198632812500000e+04
-2.463411914062500000e+04
-2.509058789062500000e+04
-2.503182031250000000e+04
-2.475151953125000000e+04
-2.507222265625000000e+04
-2.468891015625000000e+04
-2.506787109375000000e+04
-2.523364257812500000e+04
-2.467335546875000000e+04
-2.528812890625000000e+04
-2.488916015625000000e+04
-2.505169335937500000e+04
-2.503683789062500000e+04
-2.442150781250000000e+04
-2.504640234375000000e+04
-2.508669921875000000e+04
-2.502756250000000000e+04
-2.528768554687500000e+04
-2.514226953125000000e+04
-2.509272460937500000e+04
-2.497042968750000000e+04
-2.490014062500000000e+04
-2.494384179687500000e+04
-2.492037500000000000e+04
-2.486919921875000000e+04
-2.527373828125000000e+04
-2.510367382812500000e+04
-2.564450781250000000e+04
-2.522166210937500000e+04
-2.542949218750000000e+04
-2.533627539062500000e+04
-2.539550195312500000e+04
-2.546044921875000000e+04
-2.532564062500000000e+04
-2.525776171875000000e+04
-2.486017187500000000e+04
-2.536706054687500000e+04
-2.500770898437500000e+04
-2.517076953125000000e+04
-2.502471289062500000e+04
-2.502535156250000000e+04
-2.544935546875000000e+04
-2.534690234375000000e+04
-2.557723828125000000e+04
-2.533875976562500000e+04
-2.537756445312500000e+04
-2.553654882812500000e+04
-2.530683789062500000e+04
-2.556159179687500000e+04
-2.552783984375000000e+04
-2.583491601562500000e+04
-2.477389062500000000e+04
-2.550174218750000000e+04
-2.534035937500000000e+04
-2.570503515625000000e+04
-2.547533789062500000e+04
-2.583848437500000000e+04
-2.516807812500000000e+04
-2.547858593750000000e+04
-2.566699609375000000e+04
-2.553780468750000000e+04
-2.536458398437500000e+04
-2.539550585937500000e+04
-2.545149804687500000e+04
-2.554853515625000000e+04
-2.583980664062500000e+04
-2.573841406250000000e+04
-2.555675976562500000e+04
-2.574525195312500000e+04
-2.557161132812500000e+04
-2.565022070312500000e+04
-2.576929101562500000e+04
-2.554682031250000000e+04
-2.565475781250000000e+04
-2.588280078125000000e+04
-2.595289062500000000e+04
-2.578211523437500000e+04
-2.581845312500000000e+04
-2.589481640625000000e+04
-2.573422265625000000e+04
-2.561233984375000000e+04
-2.550407031250000000e+04
-2.600807421875000000e+04
-2.556843359375000000e+04
-2.581998046875000000e+04
-2.597385546875000000e+04
-2.589712109375000000e+04
-2.583131835937500000e+04
-2.585187109375000000e+04
-2.581976171875000000e+04
-2.576114062500000000e+04
-2.580180078125000000e+04
-2.560700976562500000e+04
-2.593032421875000000e+04
-2.598562109375000000e+04
-2.590778515625000000e+04
-2.575112695312500000e+04
-2.590504101562500000e+04
-2.597071289062500000e+04
-2.590743750000000000e+04
-2.605921093750000000e+04
-2.591579687500000000e+04
-2.557887304687500000e+04
-2.561299804687500000e+04
-2.594029101562500000e+04
-2.571373046875000000e+04
-2.587475781250000000e+04
-2.600833203125000000e+04
-2.567950390625000000e+04
-2.623930664062500000e+04
-2.604703710937500000e+04
-2.617274023437500000e+04
-2.594396679687500000e+04
-2.574564843750000000e+04
-2.581694921875000000e+04
-2.596158203125000000e+04
-2.602343750000000000e+04
-2.606353125000000000e+04
-2.590972656250000000e+04
-2.595162500000000000e+04
-2.623358789062500000e+04
-2.624797851562500000e+04
-2.634153906250000000e+04
-2.608619921875000000e+04
-2.622448632812500000e+04
-2.637748828125000000e+04
-2.608580273437500000e+04
-2.620136328125000000e+04
-2.619405859375000000e+04
-2.646992187500000000e+04
-2.583039062500000000e+04
-2.626758007812500000e+04
-2.628052343750000000e+04
-2.606600000000000000e+04
-2.638782617187500000e+04
-2.649495898437500000e+04
-2.619658789062500000e+04
-2.655091015625000000e+04
-2.623127929687500000e+04
-2.587872656250000000e+04
-2.638092578125000000e+04
-2.630882031250000000e+04
-2.578000000000000000e+04
-2.591161132812500000e+04
-2.642041796875000000e+04
-2.639971484375000000e+04
-2.581550000000000000e+04
-2.637638281250000000e+04
-2.656404687500000000e+04
-2.632628320312500000e+04
-2.649955664062500000e+04
-2.653686718750000000e+04
-2.618002539062500000e+04
-2.631035156250000000e+04
-2.647238671875000000e+04
-2.628928710937500000e+04
-2.643156250000000000e+04
-2.638504492187500000e+04
-2.594203906250000000e+04
-2.614227929687500000e+04
-2.656986328125000000e+04
-2.641087109375000000e+04
-2.666496093750000000e+04
-2.669830468750000000e+04
-2.642234960937500000e+04
-2.654007031250000000e+04
-2.627753320312500000e+04
-2.684213085937500000e+04
-2.659755859375000000e+04
-2.657322265625000000e+04
-2.648091796875000000e+04
-2.597562890625000000e+04
-2.647695703125000000e+04
-2.645331445312500000e+04
-2.672002734375000000e+04
-2.667459960937500000e+04
-2.679414453125000000e+04
-2.682489062500000000e+04
-2.666242578125000000e+04
-2.685657812500000000e+04
-2.679543554687500000e+04
-2.669802343750000000e+04
-2.678992968750000000e+04
-2.678741015625000000e+04
-2.681882031250000000e+04
-2.632722851562500000e+04
-2.669878906250000000e+04
-2.641020507812500000e+04
-2.663374218750000000e+04
-2.700259375000000000e+04
-2.667916210937500000e+04
-2.673011132812500000e+04
-2.662027734375000000e+04
-2.674908984375000000e+04
-2.658068359375000000e+04
-2.658216601562500000e+04
-2.669209570312500000e+04
-2.667908593750000000e+04
-2.683753515625000000e+04
-2.697528125000000000e+04
-2.665234765625000000e+04
-2.664489648437500000e+04
-2.667650585937500000e+04
-2.688071093750000000e+04
-2.682551562500000000e+04
-2.681316992187500000e+04
-2.644405859375000000e+04
-2.686963867187500000e+04
-2.686287109375000000e+04
-2.694258984375000000e+04
-2.697642578125000000e+04
-2.664591015625000000e+04
-2.677765234375000000e+04
-2.698837695312500000e+04
-2.660620312500000000e+04
-2.688841601562500000e+04
-2.714395898437500000e+04
-2.691515820312500000e+04
-2.695003710937500000e+04
-2.713321875000000000e+04
-2.692609179687500000e+04
-2.702904882812500000e+04
-2.699578320312500000e+04
-2.714184765625000000e+04
-2.704638867187500000e+04
-2.706033789062500000e+04
-2.650469140625000000e+04
-2.695150585937500000e+04
-2.675956835937500000e+04
-2.694826953125000000e+04
-2.668546484375000000e+04
-2.676207617187500000e+04
-2.697753515625000000e+04
-2.685412109375000000e+04
-2.733593750000000000e+04
-2.694296875000000000e+04
-2.691829101562500000e+04
-2.657209179687500000e+04
-2.687927343750000000e+04
-2.706301367187500000e+04
-2.695456054687500000e+04
-2.687802343750000000e+04
-2.705478515625000000e+04
-2.720499804687500000e+04
-2.703747265625000000e+04
-2.729691601562500000e+04
-2.718132812500000000e+04
-2.701322460937500000e+04
-2.723153320312500000e+04
-2.716876953125000000e+04
-2.671897656250000000e+04
-2.690003515625000000e+04
-2.717473828125000000e+04
-2.706768750000000000e+04
-2.732393554687500000e+04
-2.705575390625000000e+04
-2.711934765625000000e+04
-2.728393750000000000e+04
-2.730944726562500000e+04
-2.729375195312500000e+04
-2.685598437500000000e+04
-2.714093164062500000e+04
-2.752349414062500000e+04
-2.717110937500000000e+04
-2.687942968750000000e+04
-2.724296679687500000e+04
-2.724355468750000000e+04
-2.729582421875000000e+04
-2.734651953125000000e+04
-2.725433398437500000e+04
-2.733155859375000000e+04
-2.715502734375000000e+04
-2.735762109375000000e+04
-2.747289257812500000e+04
-2.697862890625000000e+04
-2.718204296875000000e+04
-2.741043359375000000e+04
-2.740982031250000000e+04
-2.720941406250000000e+04
-2.736654296875000000e+04
-2.703942187500000000e+04
-2.742280273437500000e+04
-2.686736328125000000e+04
-2.735526757812500000e+04
-2.745792382812500000e+04
-2.733364453125000000e+04
-2.733063671875000000e+04
-2.747276757812500000e+04
-2.736437304687500000e+04
-2.653330273437500000e+04
-2.740774218750000000e+04
-2.727894531250000000e+04
-2.764089257812500000e+04
-2.756667773437500000e+04
-2.738383593750000000e+04
-2.744254687500000000e+04
-2.745506054687500000e+04
-2.747820312500000000e+04
-2.761780468750000000e+04
-2.764719531250000000e+04
-2.719149414062500000e+04
-2.734753320312500000e+04
-2.749317578125000000e+04
-2.754231445312500000e+04
-2.770013867187500000e+04
-2.736370312500000000e+04
-2.748843750000000000e+04
-2.775026953125000000e+04
-2.738546484375000000e+04
-2.765288476562500000e+04
-2.747760156250000000e+04
-2.704275390625000000e+04
-2.758161328125000000e+04
-2.753816992187500000e+04
-2.788902734375000000e+04
-2.710210742187500000e+04
-2.766300781250000000e+04
-2.767005664062500000e+04
-2.766011132812500000e+04
-2.756280078125000000e+04
-2.787594140625000000e+04
-2.739379687500000000e+04
-2.784581445312500000e+04
-2.744659179687500000e+04
-2.751755664062500000e+04
-2.770468750000000000e+04
-2.778417382812500000e+04
-2.775000781250000000e+04
-2.755510742187500000e+04
-2.777774218750000000e+04
-2.759683984375000000e+04
-2.744221484375000000e+04
-2.752934375000000000e+04
-2.775959570312500000e+04
-2.734941406250000000e+04
-2.769553906250000000e+04
-2.789073828125000000e+04
-2.776590429687500000e+04
-2.783091015625000000e+04
-2.757212109375000000e+04
-2.740253906250000000e+04
-2.750821484375000000e+04
-2.784843359375000000e+04
-2.771959960937500000e+04
-2.778885546875000000e+04
-2.771305468750000000e+04
-2.803318945312500000e+04
-2.778395703125000000e+04
-2.758730664062500000e+04
-2.752416406250000000e+04
-2.781987304687500000e+04
-2.806046484375000000e+04
-2.771530273437500000e+04
-2.790737890625000000e+04
-2.775664648437500000e+04
-2.773122070312500000e+04
-2.762958593750000000e+04
-2.762638281250000000e+04
-2.781385546875000000e+04
-2.784166796875000000e+04
-2.791095117187500000e+04
-2.769367187500000000e+04
-2.791055664062500000e+04
-2.798749804687500000e+04
-2.810467382812500000e+04
-2.798780859375000000e+04
-2.800991796875000000e+04
-2.805754687500000000e+04
-2.783117187500000000e+04
-2.779543945312500000e+04
-2.809217187500000000e+04
-2.763933593750000000e+04
-2.794412500000000000e+04
-2.788824023437500000e+04
-2.777188085937500000e+04
-2.786940429687500000e+04
-2.786382812500000000e+04
-2.787975976562500000e+04
-2.798687500000000000e+04
-2.779698242187500000e+04
-2.791926757812500000e+04
-2.782823242187500000e+04
-2.808203125000000000e+04
-2.803366992187500000e+04
-2.797786718750000000e+04
-2.813962109375000000e+04
-2.799486523437500000e+04
-2.796656445312500000e+04
-2.770932031250000000e+04
-2.793322265625000000e+04
-2.791283593750000000e+04
-2.789039843750000000e+04
-2.781751367187500000e+04
-2.807819140625000000e+04
-2.803496484375000000e+04
-2.811611718750000000e+04
-2.741431445312500000e+04
-2.805556445312500000e+04
-2.764857812500000000e+04
-2.787182031250000000e+04
-2.823834960937500000e+04
-2.817591601562500000e+04
-2.760143945312500000e+04
-2.797433398437500000e+04
-2.801244921875000000e+04
-2.809607421875000000e+04
-2.835464257812500000e+04
-2.795799023437500000e+04
-2.792103515625000000e+04
-2.832861328125000000e+04
-2.828687304687500000e+04
-2.799920507812500000e+04
-2.801254882812500000e+04
-2.785359570312500000e+04
-2.819427343750000000e+04
-2.780610546875000000e+04
-2.832062890625000000e+04
-2.817373437500000000e+04
-2.833524218750000000e+04
-2.829869921875000000e+04
-2.835778710937500000e+04
-2.804700195312500000e+04
-2.802916796875000000e+04
-2.821714453125000000e+04
-2.797347460937500000e+04
-2.817635351562500000e+04
-2.836240234375000000e+04
-2.843251757812500000e+04
-2.838545117187500000e+04
-2.807690429687500000e+04
-2.793698046875000000e+04
-2.820609765625000000e+04
-2.831094140625000000e+04
-2.854639453125000000e+04
-2.840635546875000000e+04
-2.793599218750000000e+04
-2.840078125000000000e+04
-2.828767578125000000e+04
-2.848388867187500000e+04
-2.821151562500000000e+04
-2.813448437500000000e+04
-2.838535156250000000e+04
-2.831625781250000000e+04
-2.819351757812500000e+04
-2.844862695312500000e+04
-2.837623828125000000e+04
-2.809928710937500000e+04
-2.837137890625000000e+04
-2.852726171875000000e+04
-2.834491992187500000e+04
-2.840384179687500000e+04
-2.849177148437500000e+04
-2.843377148437500000e+04
-2.819968750000000000e+04
-2.831056640625000000e+04
-2.812434765625000000e+04
-2.860124023437500000e+04
-2.857117382812500000e+04
-2.838800781250000000e+04
-2.809443750000000000e+04
-2.818239453125000000e+04
-2.829454492187500000e+04
-2.850908203125000000e+04
-2.832010546875000000e+04
-2.852889843750000000e+04
-2.862200781250000000e+04
-2.852129492187500000e+04
-2.863625976562500000e+04
-2.828317382812500000e+04
-2.847833789062500000e+04
-2.820748437500000000e+04
-2.826420703125000000e+04
-2.833926562500000000e+04
-2.846298828125000000e+04
-2.854125195312500000e+04
-2.882698828125000000e+04
-2.826959375000000000e+04
-2.847971093750000000e+04
-2.844964453125000000e+04
-2.877050781250000000e+04
-2.895876562500000000e+04
-2.846024023437500000e+04
-2.845201367187500000e+04
-2.846559570312500000e+04
-2.838934960937500000e+04
-2.860037500000000000e+04
-2.848596484375000000e+04
-2.826540625000000000e+04
-2.835169726562500000e+04
-2.861133984375000000e+04
-2.863190625000000000e+04
-2.850087109375000000e+04
-2.841295898437500000e+04
-2.862828515625000000e+04
-2.852623242187500000e+04
-2.885517773437500000e+04
-2.834609375000000000e+04
-2.867452539062500000e+04
-2.852747656250000000e+04
-2.887390039062500000e+04
-2.881058593750000000e+04
-2.861413281250000000e+04
-2.873032421875000000e+04
-2.849364843750000000e+04
-2.893139843750000000e+04
-2.873341210937500000e+04
-2.875325976562500000e+04
-2.857834765625000000e+04
-2.885257226562500000e+04
-2.835556250000000000e+04
-2.850505859375000000e+04
-2.865461914062500000e+04
-2.854609375000000000e+04
-2.870232421875000000e+04
-2.889251171875000000e+04
-2.877657421875000000e+04
-2.878142187500000000e+04
-2.856441015625000000e+04
-2.887309765625000000e+04
-2.871979882812500000e+04
-2.871735351562500000e+04
-2.879436914062500000e+04
-2.874786132812500000e+04
-2.862245312500000000e+04
-2.880750195312500000e+04
-2.866203125000000000e+04
-2.851668359375000000e+04
-2.872400781250000000e+04
-2.880019531250000000e+04
-2.876152343750000000e+04
-2.900615820312500000e+04
-2.863811914062500000e+04
-2.894573437500000000e+04
-2.902050781250000000e+04
-2.839590429687500000e+04
-2.911299609375000000e+04
-2.877723828125000000e+04
-2.866435156250000000e+04
-2.876271679687500000e+04
-2.891171875000000000e+04
-2.829196875000000000e+04
-2.892826953125000000e+04
-2.863575976562500000e+04
-2.889462109375000000e+04
-2.884198632812500000e+04
-2.878183593750000000e+04
-2.899795507812500000e+04
-2.903130468750000000e+04
-2.894758984375000000e+04
-2.878090234375000000e+04
-2.853489843750000000e+04
-2.887958789062500000e+04
-2.861518750000000000e+04
-2.869674609375000000e+04
-2.891087500000000000e+04
-2.906723828125000000e+04
-2.879479101562500000e+04
-2.876089257812500000e+04
-2.893831445312500000e+04
-2.890368554687500000e+04
-2.888351757812500000e+04
-2.895026953125000000e+04
-2.898115820312500000e+04
-2.893550781250000000e+04
-2.888800390625000000e+04
-2.886220898437500000e+04
-2.891719335937500000e+04
-2.902132617187500000e+04
-2.892667578125000000e+04
-2.889032421875000000e+04
-2.892052539062500000e+04
-2.886544335937500000e+04
-2.899697460937500000e+04
-2.889275585937500000e+04
-2.898858984375000000e+04
-2.905736132812500000e+04
-2.872444531250000000e+04
-2.887747656250000000e+04
-2.859400976562500000e+04
-2.881509375000000000e+04
-2.892083593750000000e+04
-2.904826562500000000e+04
-2.879391406250000000e+04
-2.891255078125000000e+04
-2.854561523437500000e+04
-2.926436523437500000e+04
-2.904674414062500000e+04
-2.896615625000000000e+04
-2.888068554687500000e+04
-2.911888867187500000e+04
-2.885048632812500000e+04
-2.930479101562500000e+04
-2.891329687500000000e+04
-2.912831054687500000e+04
-2.879824218750000000e+04
-2.902478710937500000e+04
-2.917913085937500000e+04
-2.912382421875000000e+04
-2.938198242187500000e+04
-2.890900000000000000e+04
-2.919361132812500000e+04
-2.883315625000000000e+04
-2.890495507812500000e+04
-2.945208203125000000e+04
-2.939251953125000000e+04
-2.928963671875000000e+04
-2.932694140625000000e+04
-2.882979492187500000e+04
-2.930982812500000000e+04
-2.935481445312500000e+04
-2.917541992187500000e+04
-2.903041601562500000e+04
-2.886727343750000000e+04
-2.924967382812500000e+04
-2.913984765625000000e+04
-2.883178906250000000e+04
-2.916551562500000000e+04
-2.945796093750000000e+04
-2.898838671875000000e+04
-2.921046484375000000e+04
-2.903282421875000000e+04
-2.887161328125000000e+04
-2.921023632812500000e+04
-2.919757617187500000e+04
