9.999999403953552246e-02
8.389612436294555664e-01
1.242056846618652344e+00
1.622645020484924316e+00
1.982619285583496094e+00
2.322228670120239258e+00
2.642159700393676758e+00
2.942979097366333008e+00
3.225491285324096680e+00
3.490794420242309570e+00
3.739872694015502930e+00
3.973737001419067383e+00
4.193422794342041016e+00
4.399976253509521484e+00
4.594307422637939453e+00
4.777288913726806641e+00
4.949770927429199219e+00
5.112572669982910156e+00
5.266432762145996094e+00
5.412056446075439453e+00
5.550069332122802734e+00
5.681096076965332031e+00
5.805673122406005859e+00
5.924324989318847656e+00
6.037484645843505859e+00
6.145634174346923828e+00
6.249130249023437500e+00
6.348359107971191406e+00
6.443632602691650391e+00
6.535291194915771484e+00
6.623592853546142578e+00
6.708799362182617188e+00
6.791148662567138672e+00
6.870862007141113281e+00
6.948160648345947266e+00
7.023211002349853516e+00
7.096166610717773438e+00
7.167185306549072266e+00
7.236411571502685547e+00
7.303968906402587891e+00
7.369981288909912109e+00
7.434549331665039062e+00
7.497786998748779297e+00
7.559769153594970703e+00
7.620589733123779297e+00
7.680320739746093750e+00
7.739036083221435547e+00
7.796781539916992188e+00
7.853643417358398438e+00
7.909666538238525391e+00
7.964896678924560547e+00
8.019389152526855469e+00
8.073170661926269531e+00
8.126285552978515625e+00
8.178769111633300781e+00
8.230650901794433594e+00
8.281959533691406250e+00
8.332725524902343750e+00
8.382978439331054688e+00
8.432736396789550781e+00
8.482023239135742188e+00
8.530863761901855469e+00
8.579266548156738281e+00
8.627256393432617188e+00
8.674848556518554688e+00
8.722056388854980469e+00
8.768895149230957031e+00
8.815374374389648438e+00
8.861515998840332031e+00
8.907323837280273438e+00
8.952805519104003906e+00
8.997982025146484375e+00
9.042855262756347656e+00
9.087428092956542969e+00
9.131717681884765625e+00
9.175724983215332031e+00
9.219463348388671875e+00
9.262935638427734375e+00
9.306150436401367188e+00
9.349109649658203125e+00
9.391835212707519531e+00
9.434311866760253906e+00
9.476559638977050781e+00
9.518566131591796875e+00
9.560345649719238281e+00
9.601912498474121094e+00
9.643261909484863281e+00
9.684392929077148438e+00
9.725317955017089844e+00
9.766036033630371094e+00
9.806547164916992188e+00
9.846863746643066406e+00
9.886984825134277344e+00
9.926916122436523438e+00
9.966663360595703125e+00
1.000622081756591797e+01
1.004559898376464844e+01
1.008479213714599609e+01
1.012380695343017578e+01
1.016264724731445312e+01
1.020131778717041016e+01
1.023981857299804688e+01
1.027814960479736328e+01
1.031631851196289062e+01
1.035432720184326172e+01
1.039217758178710938e+01
1.042987060546875000e+01
1.046740913391113281e+01
1.050479125976562500e+01
1.054202270507812500e+01
1.057910251617431641e+01
1.061602973937988281e+01
1.065280818939208984e+01
1.068944454193115234e+01
1.072593975067138672e+01
1.076229286193847656e+01
1.079850578308105469e+01
1.083457946777343750e+01
1.087050914764404297e+01
1.090630722045898438e+01
1.094197463989257812e+01
1.097751140594482422e+01
1.101291656494140625e+01
1.104819011688232422e+01
1.108333969116210938e+01
1.111836528778076172e+01
1.115326595306396484e+01
1.118803977966308594e+01
1.122269439697265625e+01
1.125722694396972656e+01
1.129163742065429688e+01
1.132592678070068359e+01
1.136010360717773438e+01
1.139416313171386719e+01
1.142810630798339844e+01
1.146193695068359375e+01
1.149565219879150391e+01
1.152925872802734375e+01
1.156274986267089844e+01
1.159613037109375000e+01
1.162940311431884766e+01
1.166257190704345703e+01
1.169563102722167969e+01
1.172858047485351562e+01
1.176142883300781250e+01
1.179417705535888672e+01
1.182681655883789062e+01
1.185935401916503906e+01
1.189179801940917969e+01
1.192413616180419922e+01
1.195638084411621094e+01
1.198852443695068359e+01
1.202057170867919922e+01
1.205252265930175781e+01
1.208437728881835938e+01
1.211613750457763672e+01
1.214780235290527344e+01
1.217936992645263672e+01
1.221084785461425781e+01
1.224223613739013672e+01
1.227352523803710938e+01
1.230472660064697266e+01
1.233583831787109375e+01
1.236686515808105469e+01
1.239780521392822266e+01
1.242865848541259766e+01
1.245941925048828125e+01
1.249009895324707031e+01
1.252069187164306641e+01
1.255120277404785156e+01
1.258162975311279297e+01
1.261196422576904297e+01
1.264222240447998047e+01
1.267239665985107422e+01
1.270249176025390625e+01
1.273250484466552734e+01
1.276243782043457031e+01
1.279228878021240234e+01
1.282206439971923828e+01
1.285175418853759766e+01
1.288137054443359375e+01
1.291090965270996094e+01
1.294037532806396484e+01
1.296976661682128906e+01
1.299907875061035156e+01
1.302831649780273438e+01
1.305747985839843750e+01
1.308657169342041016e+01
1.311558914184570312e+01
1.314453506469726562e+01
1.317340564727783203e+01
1.320220375061035156e+01
1.323093318939208984e+01
1.325959110260009766e+01
1.328817558288574219e+01
1.331669235229492188e+01
1.334514045715332031e+01
1.337351417541503906e+01
1.340182590484619141e+01
1.343006420135498047e+01
1.345823383331298828e+01
1.348633766174316406e+01
1.351437282562255859e+01
1.354234313964843750e+01
1.357024765014648438e+01
1.359808540344238281e+01
1.362585449218750000e+01
1.365356540679931641e+01
1.368120670318603516e+01
1.370879173278808594e+01
1.373630809783935547e+01
1.376376533508300781e+01
1.379115676879882812e+01
1.381848907470703125e+01
1.384575748443603516e+01
1.387296104431152344e+01
1.390010166168212891e+01
1.392718505859375000e+01
1.395420646667480469e+01
1.398116779327392578e+01
1.400808143615722656e+01
1.403493213653564453e+01
1.406172275543212891e+01
1.408845138549804688e+01
1.411512851715087891e+01
1.414174842834472656e+01
1.416830444335937500e+01
1.419480800628662109e+01
1.422125339508056641e+01
1.424764347076416016e+01
1.427397155761718750e+01
1.430024337768554688e+01
1.432646179199218750e+01
1.435262966156005859e+01
1.437873554229736328e+01
1.440478801727294922e+01
1.443078422546386719e+01
1.445673561096191406e+01
1.448262786865234375e+01
1.450846862792968750e+01
1.453425693511962891e+01
1.455998897552490234e+01
1.458566856384277344e+01
1.461129570007324219e+01
1.463686752319335938e+01
1.466238975524902344e+01
1.468786334991455078e+01
1.471328544616699219e+01
1.473865413665771484e+01
1.476397705078125000e+01
1.478924942016601562e+01
1.481447315216064453e+01
1.483964252471923828e+01
1.486476516723632812e+01
1.488983726501464844e+01
1.491486072540283203e+01
1.493982791900634766e+01
1.496474742889404297e+01
1.498961830139160156e+01
1.501444435119628906e+01
1.503922080993652344e+01
1.506395530700683594e+01
1.508864116668701172e+01
1.511328411102294922e+01
1.513788223266601562e+01
1.516243362426757812e+01
1.518693828582763672e+01
1.521140289306640625e+01
1.523581695556640625e+01
1.526018714904785156e+01
1.528450870513916016e+01
1.530878639221191406e+01
1.533302307128906250e+01
1.535721588134765625e+01
1.538136291503906250e+01
1.540546989440917969e+01
1.542953109741210938e+01
1.545354843139648438e+01
1.547752189636230469e+01
1.550145816802978516e+01
1.552534770965576172e+01
1.554918956756591797e+01
1.557298946380615234e+01
1.559675216674804688e+01
1.562047195434570312e+01
1.564415168762207031e+01
1.566778659820556641e+01
1.569138240814208984e+01
1.571493530273437500e+01
1.573844718933105469e+01
1.576191902160644531e+01
1.578535366058349609e+01
1.580874538421630859e+01
1.583209133148193359e+01
1.585540390014648438e+01
1.587867927551269531e+01
1.590191173553466797e+01
1.592510604858398438e+01
1.594826030731201172e+01
1.597137641906738281e+01
1.599445343017578125e+01
1.601749610900878906e+01
1.604049301147460938e+01
1.606345176696777344e+01
1.608637428283691406e+01
1.610925674438476562e+01
1.613210868835449219e+01
1.615491104125976562e+01
1.617767906188964844e+01
1.620041465759277344e+01
1.622311019897460938e+01
1.624576759338378906e+01
1.626838493347167969e+01
1.629096794128417969e+01
1.631351852416992188e+01
1.633602523803710938e+01
1.635850334167480469e+01
1.638094520568847656e+01
1.640335083007812500e+01
1.642571640014648438e+01
1.644804954528808594e+01
1.647034263610839844e+01
1.649259948730468750e+01
1.651482391357421875e+01
1.653701210021972656e+01
1.655916404724121094e+01
1.658128356933593750e+01
1.660337066650390625e+01
1.662541770935058594e+01
1.664743614196777344e+01
1.666941452026367188e+01
1.669136238098144531e+01
1.671327400207519531e+01
1.673515319824218750e+01
1.675700187683105469e+01
1.677881240844726562e+01
1.680059051513671875e+01
1.682233428955078125e+01
1.684404373168945312e+01
1.686572265625000000e+01
1.688736534118652344e+01
1.690897560119628906e+01
1.693055343627929688e+01
1.695208740234375000e+01
1.697359848022460938e+01
1.699507904052734375e+01
1.701652717590332031e+01
1.703794670104980469e+01
1.705933380126953125e+01
1.708069038391113281e+01
1.710201644897460938e+01
1.712330436706542969e+01
1.714456939697265625e+01
1.716580200195312500e+01
1.718700027465820312e+01
1.720816802978515625e+01
1.722930335998535156e+01
1.725040626525878906e+01
1.727148437500000000e+01
1.729253196716308594e+01
1.731354713439941406e+01
1.733452796936035156e+01
1.735547828674316406e+01
1.737639617919921875e+01
1.739728546142578125e+01
1.741814422607421875e+01
1.743897438049316406e+01
1.745977401733398438e+01
1.748054313659667969e+01
1.750128555297851562e+01
1.752199554443359375e+01
1.754267501831054688e+01
1.756332778930664062e+01
1.758395195007324219e+01
1.760454940795898438e+01
1.762511253356933594e+01
1.764564704895019531e+01
1.766614532470703125e+01
1.768661689758300781e+01
1.770706748962402344e+01
1.772748565673828125e+01
1.774787712097167969e+01
1.776823997497558594e+01
1.778857421875000000e+01
1.780888175964355469e+01
1.782916641235351562e+01
1.784942245483398438e+01
1.786964607238769531e+01
1.788984298706054688e+01
1.791001319885253906e+01
1.793016052246093750e+01
1.795028114318847656e+01
1.797037315368652344e+01
1.799043846130371094e+01
1.801047325134277344e+01
1.803048324584960938e+01
1.805047035217285156e+01
1.807042694091796875e+01
1.809035682678222656e+01
1.811025619506835938e+01
1.813013076782226562e+01
1.814998245239257812e+01
1.816980552673339844e+01
1.818960571289062500e+01
1.820937919616699219e+01
1.822912979125976562e+01
1.824885177612304688e+01
1.826854705810546875e+01
1.828821754455566406e+01
1.830786705017089844e+01
1.832748603820800781e+01
1.834708404541015625e+01
1.836664962768554688e+01
1.838619422912597656e+01
1.840571022033691406e+01
1.842520904541015625e+01
1.844467735290527344e+01
1.846411895751953125e+01
1.848353958129882812e+01
1.850293540954589844e+01
1.852230644226074219e+01
1.854164886474609375e+01
1.856096839904785156e+01
1.858026313781738281e+01
1.859954071044921875e+01
1.861879158020019531e+01
1.863801574707031250e+01
1.865721893310546875e+01
1.867638969421386719e+01
1.869553565979003906e+01
1.871465873718261719e+01
1.873375892639160156e+01
1.875283813476562500e+01
1.877189064025878906e+01
1.879092407226562500e+01
1.880993080139160156e+01
1.882891654968261719e+01
1.884786987304687500e+01
1.886680793762207031e+01
1.888572311401367188e+01
1.890461349487304688e+01
1.892348480224609375e+01
1.894232749938964844e+01
1.896115303039550781e+01
1.897994995117187500e+01
1.899872779846191406e+01
1.901748657226562500e+01
1.903621864318847656e+01
1.905493354797363281e+01
1.907362365722656250e+01
1.909229278564453125e+01
1.911093330383300781e+01
1.912955474853515625e+01
1.914815521240234375e+01
1.916673278808593750e+01
1.918529319763183594e+01
1.920382499694824219e+01
1.922233200073242188e+01
1.924081993103027344e+01
1.925928688049316406e+01
1.927773094177246094e+01
1.929615592956542969e+01
1.931455802917480469e+01
1.933293724060058594e+01
1.935129547119140625e+01
1.936963272094726562e+01
1.938794898986816406e+01
1.940624618530273438e+01
1.942452239990234375e+01
1.944277572631835938e+01
1.946100807189941406e+01
1.947921752929687500e+01
1.949740409851074219e+01
1.951556587219238281e+01
1.953371047973632812e+01
1.955183792114257812e+01
1.956994056701660156e+01
1.958802604675292969e+01
1.960608482360839844e+01
1.962412834167480469e+01
1.964214515686035156e+01
1.966014289855957031e+01
1.967812156677246094e+01
1.969607543945312500e+01
1.971401405334472656e+01
1.973192787170410156e+01
1.974981880187988281e+01
1.976769256591796875e+01
1.978554534912109375e+01
1.980337905883789062e+01
1.982118606567382812e+01
1.983897590637207031e+01
1.985674858093261719e+01
1.987450027465820312e+01
1.989223480224609375e+01
1.990995216369628906e+01
1.992764282226562500e+01
1.994531631469726562e+01
1.996297073364257812e+01
1.998060607910156250e+01
1.999822616577148438e+01
2.001582527160644531e+01
2.003340530395507812e+01
2.005096817016601562e+01
2.006851005554199219e+01
2.008603096008300781e+01
2.010353469848632812e+01
2.012101554870605469e+01
2.013848114013671875e+01
2.015592956542968750e+01
2.017335700988769531e+01
2.019076919555664062e+01
2.020816230773925781e+01
2.022553634643554688e+01
2.024289703369140625e+01
2.026023101806640625e+01
2.027755737304687500e+01
2.029486083984375000e+01
2.031214523315429688e+01
2.032941436767578125e+01
2.034665870666503906e+01
2.036388397216796875e+01
2.038109397888183594e+01
2.039828109741210938e+01
2.041545104980468750e+01
2.043260383605957031e+01
2.044973754882812500e+01
2.046685409545898438e+01
2.048395347595214844e+01
2.050102806091308594e+01
2.051808929443359375e+01
2.053512763977050781e+01
2.055215263366699219e+01
2.056916046142578125e+01
2.058615303039550781e+01
2.060312271118164062e+01
2.062007522583007812e+01
2.063701438903808594e+01
2.065393447875976562e+01
2.067083740234375000e+01
2.068772506713867188e+01
2.070459556579589844e+01
2.072144889831542969e+01
2.073828887939453125e+01
2.075510978698730469e+01
2.077191162109375000e+01
2.078869247436523438e+01
2.080545997619628906e+01
2.082220458984375000e+01
2.083894157409667969e+01
2.085565567016601562e+01
2.087234878540039062e+01
2.088903236389160156e+01
2.090569686889648438e+01
2.092234611511230469e+01
2.093897628784179688e+01
2.095559120178222656e+01
2.097218894958496094e+01
2.098875999450683594e+01
2.100532341003417969e+01
2.102187347412109375e+01
2.103839874267578125e+01
2.105491256713867188e+01
2.107141304016113281e+01
2.108789825439453125e+01
2.110436439514160156e+01
2.112081527709960938e+01
2.113724517822265625e+01
2.115366554260253906e+01
2.117006492614746094e+01
2.118644905090332031e+01
2.120281982421875000e+01
2.121917533874511719e+01
2.123551559448242188e+01
2.125183486938476562e+01
2.126814270019531250e+01
2.128443336486816406e+01
2.130070686340332031e+01
2.131696891784667969e+01
2.133320236206054688e+01
2.134942817687988281e+01
2.136563491821289062e+01
2.138182258605957031e+01
2.139799308776855469e+01
2.141415405273437500e+01
2.143029594421386719e+01
2.144642257690429688e+01
2.146253585815429688e+01
2.147862815856933594e+01
2.149470901489257812e+01
2.151077079772949219e+01
2.152681922912597656e+01
2.154285049438476562e+01
2.155886650085449219e+01
2.157486724853515625e+01
2.159085464477539062e+01
2.160683059692382812e+01
2.162278938293457031e+01
2.163873672485351562e+01
2.165466690063476562e+01
2.167058181762695312e+01
2.168648147583007812e+01
2.170235633850097656e+01
2.171822166442871094e+01
2.173406982421875000e+01
2.174990081787109375e+01
2.176571846008300781e+01
2.178152465820312500e+01
2.179730987548828125e+01
2.181308555603027344e+01
2.182884407043457031e+01
2.184459114074707031e+01
2.186032867431640625e+01
2.187604141235351562e+01
2.189174079895019531e+01
2.190742683410644531e+01
2.192310142517089844e+01
2.193875503540039062e+01
2.195439910888671875e+01
2.197002983093261719e+01
2.198564720153808594e+01
2.200124931335449219e+01
2.201683998107910156e+01
2.203241920471191406e+01
2.204798316955566406e+01
2.206353187561035156e+01
2.207906723022460938e+01
2.209458541870117188e+01
2.211008834838867188e+01
2.212557983398437500e+01
2.214105987548828125e+01
2.215652275085449219e+01
2.217196846008300781e+01
2.218740463256835938e+01
2.220282745361328125e+01
2.221823883056640625e+01
2.223363304138183594e+01
2.224901580810546875e+01
2.226438140869140625e+01
2.227973175048828125e+01
2.229506874084472656e+01
2.231039237976074219e+01
2.232570266723632812e+01
2.234099960327148438e+01
2.235628128051757812e+01
2.237154579162597656e+01
2.238680076599121094e+01
2.240204048156738281e+01
2.241726684570312500e+01
2.243247985839843750e+01
2.244767570495605469e+01
2.246286392211914062e+01
2.247803878784179688e+01
2.249319839477539062e+01
2.250835037231445312e+01
2.252348518371582031e+01
2.253860664367675781e+01
2.255371475219726562e+01
2.256881332397460938e+01
2.258389472961425781e+01
2.259896278381347656e+01
2.261402130126953125e+01
2.262906646728515625e+01
2.264409637451171875e+01
2.265911293029785156e+01
2.267411613464355469e+01
2.268910408020019531e+01
2.270408058166503906e+01
2.271904182434082031e+01
2.273399162292480469e+01
2.274893188476562500e+01
2.276385116577148438e+01
2.277875709533691406e+01
2.279365730285644531e+01
2.280854034423828125e+01
2.282341384887695312e+01
2.283827590942382812e+01
2.285312461853027344e+01
2.286795806884765625e+01
2.288277244567871094e+01
2.289757919311523438e+01
2.291237449645996094e+01
2.292715454101562500e+01
2.294192886352539062e+01
2.295668411254882812e+01
2.297142791748046875e+01
2.298616218566894531e+01
2.300088310241699219e+01
2.301559257507324219e+01
2.303028678894042969e+01
2.304497146606445312e+01
2.305964088439941406e+01
2.307430458068847656e+01
2.308895111083984375e+01
2.310359001159667969e+01
2.311821365356445312e+01
2.313282585144042969e+01
2.314742660522460938e+01
2.316201972961425781e+01
2.317659187316894531e+01
2.319115447998046875e+01
2.320570373535156250e+01
2.322024154663085938e+01
2.323476982116699219e+01
2.324928665161132812e+01
2.326379013061523438e+01
2.327828025817871094e+01
2.329275703430175781e+01
2.330722236633300781e+01
2.332167434692382812e+01
2.333611869812011719e+01
2.335054779052734375e+01
2.336496162414550781e+01
2.337936782836914062e+01
2.339375877380371094e+01
2.340813827514648438e+01
2.342250823974609375e+01
2.343686485290527344e+01
2.345120429992675781e+01
2.346553993225097656e+01
2.347986221313476562e+01
2.349417495727539062e+01
2.350847434997558594e+01
2.352275848388671875e+01
2.353703308105468750e+01
2.355129814147949219e+01
2.356555175781250000e+01
2.357979393005371094e+01
2.359402275085449219e+01
2.360823631286621094e+01
2.362244224548339844e+01
2.363663482666015625e+01
2.365081787109375000e+01
2.366499519348144531e+01
2.367915534973144531e+01
2.369330596923828125e+01
2.370744132995605469e+01
2.372156715393066406e+01
2.373568344116210938e+01
2.374978828430175781e+01
2.376387977600097656e+01
2.377795982360839844e+01
2.379203414916992188e+01
2.380609130859375000e+01
2.382013511657714844e+01
2.383416938781738281e+01
2.384818267822265625e+01
2.386219024658203125e+01
2.387618446350097656e+01
2.389017295837402344e+01
2.390414047241210938e+01
2.391810226440429688e+01
2.393205833435058594e+01
2.394599723815917969e+01
2.395992851257324219e+01
2.397385215759277344e+01
2.398776435852050781e+01
2.400166511535644531e+01
2.401555252075195312e+01
2.402943229675292969e+01
2.404330062866210938e+01
2.405716133117675781e+01
2.407101058959960938e+01
2.408484840393066406e+01
2.409867477416992188e+01
2.411249351501464844e+01
2.412629699707031250e+01
2.414008712768554688e+01
2.415387153625488281e+01
2.416764259338378906e+01
2.418140602111816406e+01
2.419515609741210938e+01
2.420889282226562500e+01
2.422262191772460938e+01
2.423634338378906250e+01
2.425005340576171875e+01
2.426375198364257812e+01
2.427744102478027344e+01
2.429111862182617188e+01
2.430478668212890625e+01
2.431844139099121094e+01
2.433208656311035156e+01
2.434571647644042969e+01
2.435933876037597656e+01
2.437294578552246094e+01
2.438655090332031250e+01
2.440014457702636719e+01
2.441372489929199219e+01
2.442729949951171875e+01
2.444086456298828125e+01
2.445441818237304688e+01
2.446795845031738281e+01
2.448148536682128906e+01
2.449500465393066406e+01
2.450850868225097656e+01
2.452200317382812500e+01
2.453549003601074219e+01
2.454896545410156250e+01
2.456243515014648438e+01
2.457588768005371094e+01
2.458933448791503906e+01
2.460276794433593750e+01
2.461619377136230469e+01
2.462960815429687500e+01
2.464301490783691406e+01
2.465641212463378906e+01
2.466979598999023438e+01
2.468317031860351562e+01
2.469653892517089844e+01
2.470990180969238281e+01
2.472324943542480469e+01
2.473659133911132812e+01
2.474991416931152344e+01
2.476323890686035156e+01
2.477654838562011719e+01
2.478984642028808594e+01
2.480313491821289062e+01
2.481641006469726562e+01
2.482967758178710938e+01
2.484293556213378906e+01
2.485618019104003906e+01
2.486941337585449219e+01
2.488264083862304688e+01
2.489585304260253906e+01
2.490905570983886719e+01
2.492225646972656250e+01
2.493544387817382812e+01
2.494862174987792969e+01
2.496179199218750000e+01
2.497495651245117188e+01
2.498810768127441406e+01
2.500124740600585938e+01
2.501437759399414062e+01
2.502750205993652344e+01
2.504061889648437500e+01
2.505371856689453125e+01
2.506680488586425781e+01
2.507988929748535156e+01
2.509296417236328125e+01
2.510602951049804688e+01
2.511908340454101562e+01
2.513212966918945312e+01
2.514516639709472656e+01
2.515819358825683594e+01
2.517121315002441406e+01
2.518422508239746094e+01
2.519722366333007812e+01
2.521021080017089844e+01
2.522319412231445312e+01
2.523616409301757812e+01
2.524912643432617188e+01
2.526207923889160156e+01
2.527502250671386719e+01
2.528795814514160156e+01
2.530088233947753906e+01
2.531380271911621094e+01
2.532671165466308594e+01
2.533961105346679688e+01
2.535250091552734375e+01
2.536538124084472656e+01
2.537825393676757812e+01
2.539111518859863281e+01
2.540396690368652344e+01
2.541680908203125000e+01
2.542963981628417969e+01
2.544245910644531250e+01
2.545526885986328125e+01
2.546807098388671875e+01
2.548086357116699219e+01
2.549364662170410156e+01
2.550642013549804688e+01
2.551919174194335938e+01
2.553194999694824219e+01
2.554470252990722656e+01
2.555744171142578125e+01
2.557017517089843750e+01
2.558290481567382812e+01
2.559562301635742188e+01
2.560832977294921875e+01
2.562103080749511719e+01
2.563371849060058594e+01
2.564640235900878906e+01
2.565907287597656250e+01
2.567173957824707031e+01
2.568439483642578125e+01
2.569704055786132812e+01
2.570968246459960938e+01
2.572231483459472656e+01
2.573494148254394531e+01
2.574755859375000000e+01
2.576016235351562500e+01
2.577276039123535156e+01
2.578535079956054688e+01
2.579792785644531250e+01
2.581049537658691406e+01
2.582305335998535156e+01
2.583560371398925781e+01
2.584814643859863281e+01
2.586068344116210938e+01
2.587320518493652344e+01
2.588572311401367188e+01
2.589822959899902344e+01
2.591072845458984375e+01
2.592321777343750000e+01
2.593569374084472656e+01
2.594816207885742188e+01
2.596061897277832031e+01
2.597307014465332031e+01
2.598551559448242188e+01
2.599794960021972656e+01
2.601037979125976562e+01
2.602279853820800781e+01
2.603520965576171875e+01
2.604761314392089844e+01
2.606000900268554688e+01
2.607239723205566406e+01
2.608477592468261719e+01
2.609715080261230469e+01
2.610951423645019531e+01
2.612187004089355469e+01
2.613421821594238281e+01
2.614655494689941406e+01
2.615887641906738281e+01
2.617119407653808594e+01
2.618350410461425781e+01
2.619580078125000000e+01
2.620809173583984375e+01
2.622037124633789062e+01
2.623264312744140625e+01
2.624490356445312500e+01
2.625715637207031250e+01
2.626940345764160156e+01
2.628164100646972656e+01
2.629387664794921875e+01
2.630610466003417969e+01
2.631832122802734375e+01
2.633053398132324219e+01
2.634273910522460938e+01
2.635493087768554688e+01
2.636712074279785156e+01
2.637929916381835938e+01
2.639147186279296875e+01
2.640362930297851562e+01
2.641578292846679688e+01
2.642793083190917969e+01
2.644007492065429688e+01
2.645220756530761719e+01
2.646433258056640625e+01
2.647644805908203125e+01
2.648855209350585938e+01
2.650064659118652344e+01
2.651273918151855469e+01
2.652481651306152344e+01
2.653689193725585938e+01
2.654895591735839844e+01
2.656101799011230469e+01
2.657307052612304688e+01
2.658511352539062500e+01
2.659714889526367188e+01
2.660917663574218750e+01
2.662119483947753906e+01
2.663320350646972656e+01
2.664520645141601562e+01
2.665719985961914062e+01
2.666918754577636719e+01
2.668116760253906250e+01
2.669313812255859375e+01
2.670510101318359375e+01
2.671705818176269531e+01
2.672900772094726562e+01
2.674094390869140625e+01
2.675287437438964844e+01
2.676479911804199219e+01
2.677671623229980469e+01
2.678862571716308594e+01
2.680052375793457031e+01
2.681241416931152344e+01
2.682429695129394531e+01
2.683617210388183594e+01
2.684803771972656250e+01
2.685989952087402344e+01
2.687175369262695312e+01
2.688360214233398438e+01
2.689544105529785156e+01
2.690727615356445312e+01
2.691909408569335938e+01
2.693091201782226562e+01
2.694272232055664062e+01
2.695452117919921875e+01
2.696630859375000000e+01
2.697809219360351562e+01
2.698986434936523438e+01
2.700163269042968750e+01
2.701339149475097656e+01
2.702514839172363281e+01
2.703689193725585938e+01
2.704862785339355469e+01
2.706035804748535156e+01
2.707207870483398438e+01
2.708379554748535156e+01
