6.705536037543424754e-08
6.556523999279306736e-07
9.536761353956535459e-07
1.768453046679496765e-02
3.356362879276275635e-02
5.033444985747337341e-02
6.744302809238433838e-02
8.301199227571487427e-02
9.848323464393615723e-02
1.122262999415397644e-01
1.245735958218574524e-01
1.359045654535293579e-01
1.461313515901565552e-01
1.556898355484008789e-01
1.653102487325668335e-01
1.744607985019683838e-01
1.832212805747985840e-01
1.912356168031692505e-01
1.984352022409439087e-01
2.047204375267028809e-01
2.106515467166900635e-01
2.158191204071044922e-01
2.203225046396255493e-01
2.245219051837921143e-01
2.283969819545745850e-01
2.317014485597610474e-01
2.345460355281829834e-01
2.371329218149185181e-01
2.395851612091064453e-01
2.414870262145996094e-01
2.432118207216262817e-01
2.447206526994705200e-01
2.461290806531906128e-01
2.475974559783935547e-01
2.483439743518829346e-01
2.492836713790893555e-01
2.500185072422027588e-01
2.506334781646728516e-01
2.511219382286071777e-01
2.516341507434844971e-01
2.520799934864044189e-01
2.523602247238159180e-01
2.527129352092742920e-01
2.529079914093017578e-01
2.530260682106018066e-01
2.530809044837951660e-01
2.529093027114868164e-01
2.528825402259826660e-01
2.526562511920928955e-01
2.522757351398468018e-01
2.518110573291778564e-01
2.512931227684020996e-01
2.509173154830932617e-01
2.505324780941009521e-01
2.502383291721343994e-01
2.498879581689834595e-01
2.495517432689666748e-01
2.498043626546859741e-01
2.496519535779953003e-01
2.494774758815765381e-01
2.494913339614868164e-01
2.493295669555664062e-01
2.491704523563385010e-01
2.489384114742279053e-01
2.487505972385406494e-01
2.485006004571914673e-01
2.482500523328781128e-01
2.479645162820816040e-01
2.474807351827621460e-01
2.471901327371597290e-01
2.468701899051666260e-01
2.464874982833862305e-01
2.461281120777130127e-01
2.456592321395874023e-01
2.451919615268707275e-01
2.447486370801925659e-01
2.442953884601593018e-01
2.439821362495422363e-01
2.435985952615737915e-01
2.432586103677749634e-01
2.429374158382415771e-01
2.425956875085830688e-01
2.422638237476348877e-01
2.418972104787826538e-01
2.414885014295578003e-01
2.410628646612167358e-01
2.406518906354904175e-01
2.402300089597702026e-01
2.398561686277389526e-01
2.394409328699111938e-01
2.390370815992355347e-01
2.385840266942977905e-01
2.381715625524520874e-01
2.377850711345672607e-01
2.373890280723571777e-01
2.369982749223709106e-01
2.366069853305816650e-01
2.362053841352462769e-01
2.356804460287094116e-01
2.352161258459091187e-01
2.347699850797653198e-01
2.343192845582962036e-01
2.339493036270141602e-01
2.335918843746185303e-01
2.332107573747634888e-01
2.328571826219558716e-01
2.324935793876647949e-01
2.321937829256057739e-01
2.318682074546813965e-01
2.315244376659393311e-01
2.312370687723159790e-01
2.309998720884323120e-01
2.307387888431549072e-01
2.304924279451370239e-01
2.302711457014083862e-01
2.299931496381759644e-01
2.299392223358154297e-01
2.297712862491607666e-01
2.295872420072555542e-01
2.294067442417144775e-01
2.291748076677322388e-01
2.289636582136154175e-01
2.287445515394210815e-01
2.285103201866149902e-01
2.282654643058776855e-01
2.280454188585281372e-01
2.278209775686264038e-01
2.276130169630050659e-01
2.272464931011199951e-01
2.269533127546310425e-01
2.266273200511932373e-01
2.262838929891586304e-01
2.261859029531478882e-01
2.259491384029388428e-01
2.257394492626190186e-01
2.255054116249084473e-01
2.252780795097351074e-01
2.250587493181228638e-01
2.248274087905883789e-01
2.246440351009368896e-01
2.244029641151428223e-01
2.241484373807907104e-01
2.238919883966445923e-01
2.235510945320129395e-01
2.233123928308486938e-01
2.230776995420455933e-01
2.228686064481735229e-01
2.226275503635406494e-01
2.222591638565063477e-01
2.219491451978683472e-01
2.216587811708450317e-01
2.214833199977874756e-01
2.212234586477279663e-01
2.209715694189071655e-01
2.207943350076675415e-01
2.205917835235595703e-01
2.203793376684188843e-01
2.201728820800781250e-01
2.200981527566909790e-01
2.199327796697616577e-01
2.195920348167419434e-01
2.193823605775833130e-01
2.191163301467895508e-01
2.188253700733184814e-01
2.187435328960418701e-01
2.184922844171524048e-01
2.182690352201461792e-01
2.180295735597610474e-01
2.178156375885009766e-01
2.176320999860763550e-01
2.175479829311370850e-01
2.173885703086853027e-01
2.172182798385620117e-01
2.170783132314682007e-01
2.168214917182922363e-01
2.166852355003356934e-01
2.165196090936660767e-01
2.163343280553817749e-01
2.160742133855819702e-01
2.158771902322769165e-01
2.156630009412765503e-01
2.157408744096755981e-01
2.156835943460464478e-01
2.155934274196624756e-01
2.154961526393890381e-01
2.153859287500381470e-01
2.153551578521728516e-01
2.152832448482513428e-01
2.152959406375885010e-01
2.152367830276489258e-01
2.151598036289215088e-01
2.150953859090805054e-01
2.150401622056961060e-01
2.150127589702606201e-01
2.149765044450759888e-01
2.149537354707717896e-01
2.148941904306411743e-01
2.147867083549499512e-01
2.146936953067779541e-01
2.147077918052673340e-01
2.147044092416763306e-01
2.146717756986618042e-01
2.146397233009338379e-01
2.145930528640747070e-01
2.144361287355422974e-01
2.142832279205322266e-01
2.141709476709365845e-01
2.140211611986160278e-01
2.138499468564987183e-01
2.138286083936691284e-01
2.137818038463592529e-01
2.137764096260070801e-01
2.137934416532516479e-01
2.138133198022842407e-01
2.137790620326995850e-01
2.135979384183883667e-01
2.135085612535476685e-01
2.133136391639709473e-01
2.131839841604232788e-01
2.129969149827957153e-01
2.130148261785507202e-01
2.129283100366592407e-01
2.128524631261825562e-01
2.123612612485885620e-01
2.119955569505691528e-01
2.117010951042175293e-01
2.114140540361404419e-01
2.111448794603347778e-01
2.108260095119476318e-01
2.117010205984115601e-01
2.119296491146087646e-01
2.119914889335632324e-01
2.121744304895401001e-01
2.122942209243774414e-01
2.123047560453414917e-01
2.123949825763702393e-01
2.124453783035278320e-01
2.124760895967483521e-01
2.124946713447570801e-01
2.124802172183990479e-01
2.124840170145034790e-01
2.124271988868713379e-01
2.124894112348556519e-01
2.125046700239181519e-01
2.124236077070236206e-01
2.123542577028274536e-01
2.123132348060607910e-01
2.122748643159866333e-01
2.121748626232147217e-01
2.121409475803375244e-01
2.120448946952819824e-01
2.119306772947311401e-01
2.118888646364212036e-01
2.118332833051681519e-01
2.116475403308868408e-01
2.115099281072616577e-01
2.112875282764434814e-01
2.112203985452651978e-01
2.113064974546432495e-01
2.113641798496246338e-01
2.113588601350784302e-01
2.115340232849121094e-01
2.115586996078491211e-01
2.117023766040802002e-01
2.117943465709686279e-01
2.118236571550369263e-01
2.118103206157684326e-01
2.118247002363204956e-01
2.117657363414764404e-01
2.116578072309494019e-01
2.114813625812530518e-01
2.113966196775436401e-01
2.113454043865203857e-01
2.112495601177215576e-01
2.111297994852066040e-01
2.109700590372085571e-01
2.109009176492691040e-01
2.107725888490676880e-01
2.107310742139816284e-01
2.106675952672958374e-01
2.106143534183502197e-01
2.100979089736938477e-01
2.098829746246337891e-01
2.096470594406127930e-01
2.094322592020034790e-01
2.092107385396957397e-01
2.090347707271575928e-01
2.088546603918075562e-01
2.086970210075378418e-01
2.081441134214401245e-01
2.078168094158172607e-01
2.075642049312591553e-01
2.073077112436294556e-01
2.070093452930450439e-01
2.067701667547225952e-01
2.065418660640716553e-01
2.063477188348770142e-01
2.061262577772140503e-01
2.060430049896240234e-01
2.059507220983505249e-01
2.058305442333221436e-01
2.056996375322341919e-01
2.055906206369400024e-01
2.055300176143646240e-01
2.054728418588638306e-01
2.054070830345153809e-01
2.053941041231155396e-01
2.053472399711608887e-01
2.053297460079193115e-01
2.054938375949859619e-01
2.054261267185211182e-01
2.054029852151870728e-01
2.053607702255249023e-01
2.052737176418304443e-01
2.051616758108139038e-01
2.050728052854537964e-01
2.049821317195892334e-01
2.049969583749771118e-01
2.049501836299896240e-01
2.049113214015960693e-01
2.048386335372924805e-01
2.047963738441467285e-01
2.047144472599029541e-01
2.046257108449935913e-01
2.044496685266494751e-01
2.042534351348876953e-01
2.041838467121124268e-01
2.044292092323303223e-01
2.046761661767959595e-01
2.047166973352432251e-01
2.047795802354812622e-01
2.048516273498535156e-01
2.049280107021331787e-01
2.049986273050308228e-01
2.050874829292297363e-01
2.051915675401687622e-01
2.051150947809219360e-01
2.051900327205657959e-01
2.051964402198791504e-01
2.052263766527175903e-01
2.052003145217895508e-01
2.052130252122879028e-01
2.052802294492721558e-01
2.052316516637802124e-01
2.051968872547149658e-01
2.053273618221282959e-01
2.053408771753311157e-01
2.053728550672531128e-01
2.054600417613983154e-01
2.054970413446426392e-01
2.055292278528213501e-01
2.055951803922653198e-01
2.058278173208236694e-01
2.059402316808700562e-01
2.060100138187408447e-01
2.060918211936950684e-01
2.061843574047088623e-01
2.063205838203430176e-01
2.065011262893676758e-01
2.065255939960479736e-01
2.064997106790542603e-01
2.064875364303588867e-01
2.066978216171264648e-01
2.067980170249938965e-01
2.069690376520156860e-01
2.071450948715209961e-01
2.073252648115158081e-01
2.074473649263381958e-01
2.075241655111312866e-01
2.075950056314468384e-01
2.076489925384521484e-01
2.075636088848114014e-01
2.076074331998825073e-01
2.075905948877334595e-01
2.077464759349822998e-01
2.078064233064651489e-01
2.078270465135574341e-01
2.077701389789581299e-01
2.076728343963623047e-01
2.076554447412490845e-01
2.077435106039047241e-01
2.077401876449584961e-01
2.078394293785095215e-01
2.079097777605056763e-01
2.079556435346603394e-01
2.080563902854919434e-01
2.081032544374465942e-01
2.081456780433654785e-01
2.079228013753890991e-01
2.078381627798080444e-01
2.077084332704544067e-01
2.075223475694656372e-01
2.074052542448043823e-01
2.073111087083816528e-01
2.071456611156463623e-01
2.070210725069046021e-01
2.069421261548995972e-01
2.068685442209243774e-01
2.067524343729019165e-01
2.065970152616500854e-01
2.064586877822875977e-01
2.063091099262237549e-01
2.061839550733566284e-01
2.061829864978790283e-01
2.061216086149215698e-01
2.061005383729934692e-01
2.060525864362716675e-01
2.059471458196640015e-01
2.058913409709930420e-01
2.058867961168289185e-01
2.058796286582946777e-01
2.058597952127456665e-01
2.058088034391403198e-01
2.056861817836761475e-01
2.056389600038528442e-01
2.057800143957138062e-01
2.057696580886840820e-01
2.058249711990356445e-01
2.059009522199630737e-01
2.059428095817565918e-01
2.060026973485946655e-01
2.059397846460342407e-01
2.060135602951049805e-01
2.060368508100509644e-01
2.060366868972778320e-01
2.060612440109252930e-01
2.060791701078414917e-01
2.060711085796356201e-01
2.059827893972396851e-01
2.059650719165802002e-01
2.060697525739669800e-01
2.061023712158203125e-01
2.060903310775756836e-01
2.060921490192413330e-01
2.061435878276824951e-01
2.062318921089172363e-01
2.062444835901260376e-01
2.062716633081436157e-01
2.063391804695129395e-01
2.063914090394973755e-01
2.063960880041122437e-01
2.064177244901657104e-01
2.064355760812759399e-01
2.064815610647201538e-01
2.065152525901794434e-01
2.066086083650588989e-01
2.065846174955368042e-01
2.066282927989959717e-01
2.066600322723388672e-01
2.067549973726272583e-01
2.067127972841262817e-01
2.067074924707412720e-01
2.067486643791198730e-01
2.068128138780593872e-01
2.068457156419754028e-01
2.068556696176528931e-01
2.068347781896591187e-01
2.067472338676452637e-01
2.066752016544342041e-01
2.066134810447692871e-01
2.061951011419296265e-01
2.059763520956039429e-01
2.058163732290267944e-01
2.056122273206710815e-01
2.055756598711013794e-01
2.054231315851211548e-01
2.053577899932861328e-01
2.052585631608963013e-01
2.052246779203414917e-01
2.051846385002136230e-01
2.053284347057342529e-01
2.053609937429428101e-01
2.054049819707870483e-01
2.054433971643447876e-01
2.055235207080841064e-01
2.054437398910522461e-01
2.052855938673019409e-01
2.051945924758911133e-01
2.051194012165069580e-01
2.050216346979141235e-01
2.049396336078643799e-01
2.047976404428482056e-01
2.047335207462310791e-01
2.047634869813919067e-01
2.047490775585174561e-01
2.047201693058013916e-01
2.046633958816528320e-01
2.046596705913543701e-01
2.046020030975341797e-01
2.045115083456039429e-01
2.044487744569778442e-01
2.044606059789657593e-01
2.045376449823379517e-01
2.045796066522598267e-01
2.045696973800659180e-01
2.046402096748352051e-01
2.045110166072845459e-01
2.044962346553802490e-01
2.044723629951477051e-01
2.044454962015151978e-01
2.044147849082946777e-01
2.043520063161849976e-01
2.042607665061950684e-01
2.042174637317657471e-01
2.041641324758529663e-01
2.041074484586715698e-01
2.040045261383056641e-01
2.038823962211608887e-01
2.038212269544601440e-01
2.037129402160644531e-01
2.035833895206451416e-01
2.034928053617477417e-01
2.033955156803131104e-01
2.031675875186920166e-01
2.030552029609680176e-01
2.029501497745513916e-01
2.029583454132080078e-01
2.029103636741638184e-01
2.029051035642623901e-01
2.030003368854522705e-01
2.032013684511184692e-01
2.031913846731185913e-01
2.032283991575241089e-01
2.033068835735321045e-01
2.033389359712600708e-01
2.034110426902770996e-01
2.034022659063339233e-01
2.034222185611724854e-01
2.034413069486618042e-01
2.034480869770050049e-01
2.034093737602233887e-01
2.034939229488372803e-01
2.034789025783538818e-01
2.034124433994293213e-01
2.034043967723846436e-01
2.034263461828231812e-01
2.034611552953720093e-01
2.034988552331924438e-01
2.035014331340789795e-01
2.035411596298217773e-01
2.034607082605361938e-01
2.034637629985809326e-01
2.034505307674407959e-01
2.034834176301956177e-01
2.032793760299682617e-01
2.031829506158828735e-01
2.030386328697204590e-01
2.029848247766494751e-01
2.027822434902191162e-01
2.026328742504119873e-01
2.025667428970336914e-01
2.023719549179077148e-01
2.022858262062072754e-01
2.022650241851806641e-01
2.021958976984024048e-01
2.021986693143844604e-01
2.021046429872512817e-01
2.022896707057952881e-01
2.025433033704757690e-01
2.026952654123306274e-01
2.027957737445831299e-01
2.029412090778350830e-01
2.030602395534515381e-01
2.031591385602951050e-01
2.035077214241027832e-01
2.036929577589035034e-01
2.039358466863632202e-01
2.042047977447509766e-01
2.043414562940597534e-01
2.044509798288345337e-01
2.046041339635848999e-01
2.047087848186492920e-01
2.048332989215850830e-01
2.049304693937301636e-01
2.050399035215377808e-01
2.050604820251464844e-01
2.050722688436508179e-01
2.050121128559112549e-01
2.049957960844039917e-01
2.049977034330368042e-01
2.049988061189651489e-01
2.049224376678466797e-01
2.048470377922058105e-01
2.047392278909683228e-01
2.045227736234664917e-01
2.044124454259872437e-01
2.043222635984420776e-01
2.042367011308670044e-01
2.042144387960433960e-01
2.041564583778381348e-01
2.041130214929580688e-01
2.040639072656631470e-01
2.040721327066421509e-01
2.040099501609802246e-01
2.039229720830917358e-01
2.038643062114715576e-01
2.040522992610931396e-01
2.040813863277435303e-01
2.039640247821807861e-01
2.038966715335845947e-01
2.038885354995727539e-01
2.038840800523757935e-01
2.039479464292526245e-01
2.039353847503662109e-01
2.038951218128204346e-01
2.039313763380050659e-01
2.040008008480072021e-01
2.040558308362960815e-01
2.042949646711349487e-01
2.044163197278976440e-01
2.045207470655441284e-01
2.046219408512115479e-01
2.046652138233184814e-01
2.047943323850631714e-01
2.047408521175384521e-01
2.047560513019561768e-01
2.047665417194366455e-01
2.048119753599166870e-01
2.046995609998703003e-01
2.046352028846740723e-01
2.045820653438568115e-01
2.046354264020919800e-01
2.046861201524734497e-01
2.046894580125808716e-01
2.046160846948623657e-01
2.045938819646835327e-01
2.045465856790542603e-01
2.044987380504608154e-01
2.044533491134643555e-01
2.043642997741699219e-01
2.042815089225769043e-01
2.042061239480972290e-01
2.040954977273941040e-01
2.040159851312637329e-01
2.039370685815811157e-01
2.038560658693313599e-01
2.037617862224578857e-01
2.038528323173522949e-01
2.037230283021926880e-01
2.037477344274520874e-01
2.037762701511383057e-01
2.038046270608901978e-01
2.038158476352691650e-01
2.037434577941894531e-01
2.036999762058258057e-01
2.036418020725250244e-01
2.034450769424438477e-01
2.035620957612991333e-01
2.036443948745727539e-01
2.036658227443695068e-01
2.036907076835632324e-01
2.036975324153900146e-01
2.037088871002197266e-01
2.035943418741226196e-01
2.034882158041000366e-01
2.033868283033370972e-01
2.032959610223770142e-01
2.032206803560256958e-01
2.031312286853790283e-01
2.030605077743530273e-01
2.029933333396911621e-01
2.028199136257171631e-01
2.025980353355407715e-01
2.024092078208923340e-01
2.022676318883895874e-01
2.020300328731536865e-01
2.018265873193740845e-01
2.016621530055999756e-01
2.013254165649414062e-01
2.011938244104385376e-01
2.009818851947784424e-01
2.008453607559204102e-01
2.007768303155899048e-01
2.007291465997695923e-01
2.008083462715148926e-01
2.008645683526992798e-01
2.008750587701797485e-01
2.009162753820419312e-01
2.008975297212600708e-01
2.010933309793472290e-01
2.012041062116622925e-01
2.012894749641418457e-01
2.013794630765914917e-01
2.014116197824478149e-01
2.014683932065963745e-01
2.015339583158493042e-01
2.016992121934890747e-01
2.016650736331939697e-01
2.017208486795425415e-01
2.017553895711898804e-01
2.018885612487792969e-01
2.019568532705307007e-01
2.019586712121963501e-01
2.020007073879241943e-01
2.020451724529266357e-01
2.021545320749282837e-01
2.021536082029342651e-01
2.021756917238235474e-01
2.021625787019729614e-01
2.021742612123489380e-01
2.021793723106384277e-01
2.021632492542266846e-01
2.021244764328002930e-01
2.020791769027709961e-01
2.020073533058166504e-01
2.019712924957275391e-01
2.019137293100357056e-01
2.018255591392517090e-01
2.017581462860107422e-01
2.016942054033279419e-01
2.016607224941253662e-01
2.016398459672927856e-01
2.016172707080841064e-01
2.015662491321563721e-01
2.015366852283477783e-01
2.015299648046493530e-01
2.015757113695144653e-01
2.016108334064483643e-01
2.016875445842742920e-01
2.015931755304336548e-01
2.016330063343048096e-01
2.017053812742233276e-01
2.017641514539718628e-01
2.018331140279769897e-01
2.018685191869735718e-01
2.019686996936798096e-01
2.020595967769622803e-01
2.021016180515289307e-01
2.021683454513549805e-01
2.022584974765777588e-01
2.023542374372482300e-01
2.023436725139617920e-01
2.024729549884796143e-01
2.027195990085601807e-01
2.029901742935180664e-01
2.031750380992889404e-01
2.033983618021011353e-01
2.035639286041259766e-01
2.037747949361801147e-01
2.039324790239334106e-01
2.039377838373184204e-01
2.040088921785354614e-01
2.040576189756393433e-01
2.040589004755020142e-01
2.040099501609802246e-01
2.039857953786849976e-01
2.039176374673843384e-01
2.039733976125717163e-01
2.039522528648376465e-01
2.039616256952285767e-01
2.040088027715682983e-01
2.039624899625778198e-01
2.039272040128707886e-01
2.038560956716537476e-01
2.030470818281173706e-01
2.025400102138519287e-01
2.021452337503433228e-01
2.016371041536331177e-01
2.012302577495574951e-01
2.008350193500518799e-01
2.004630714654922485e-01
2.001209110021591187e-01
1.998308598995208740e-01
1.996075958013534546e-01
1.993347257375717163e-01
1.991156041622161865e-01
1.989400237798690796e-01
1.992341876029968262e-01
1.998516023159027100e-01
2.001569569110870361e-01
2.003577947616577148e-01
2.005514651536941528e-01
2.008511871099472046e-01
2.011401802301406860e-01
2.015129476785659790e-01
2.021382004022598267e-01
2.024703919887542725e-01
2.027781605720520020e-01
2.030466794967651367e-01
2.034014910459518433e-01
2.037236094474792480e-01
2.039432823657989502e-01
2.041006386280059814e-01
2.042729109525680542e-01
2.044312655925750732e-01
2.044073045253753662e-01
2.045107781887054443e-01
2.045666873455047607e-01
2.046039700508117676e-01
2.045984864234924316e-01
2.047568857669830322e-01
2.047945410013198853e-01
2.049295455217361450e-01
2.050113826990127563e-01
2.051449418067932129e-01
2.052358537912368774e-01
2.052151560783386230e-01
2.052643299102783203e-01
2.053676843643188477e-01
2.054264545440673828e-01
2.055308222770690918e-01
2.055539041757583618e-01
2.056692987680435181e-01
2.057214528322219849e-01
2.056954056024551392e-01
2.058716118335723877e-01
2.060177773237228394e-01
2.061709761619567871e-01
2.063811570405960083e-01
2.063256651163101196e-01
2.064334005117416382e-01
2.064675688743591309e-01
2.065117657184600830e-01
2.065177559852600098e-01
2.064276039600372314e-01
2.064179778099060059e-01
2.063792794942855835e-01
2.064270526170730591e-01
2.064052522182464600e-01
2.064040452241897583e-01
2.064200043678283691e-01
2.064427733421325684e-01
2.064765095710754395e-01
2.064137309789657593e-01
2.064135074615478516e-01
2.063682079315185547e-01
2.064074277877807617e-01
2.064344733953475952e-01
2.065088897943496704e-01
2.064537853002548218e-01
2.063329070806503296e-01
2.061179429292678833e-01
2.060615271329879761e-01
2.059868276119232178e-01
2.058934867382049561e-01
2.057691961526870728e-01
2.056955248117446899e-01
2.055951952934265137e-01
2.055317461490631104e-01
2.054325342178344727e-01
2.051468342542648315e-01
2.049899548292160034e-01
2.049164474010467529e-01
2.046908587217330933e-01
2.045550942420959473e-01
2.044324278831481934e-01
2.042405009269714355e-01
2.041651308536529541e-01
2.039257436990737915e-01
2.037899941205978394e-01
2.035731375217437744e-01
2.034238427877426147e-01
2.032642215490341187e-01
2.030735015869140625e-01
2.029419541358947754e-01
2.027420550584793091e-01
2.026227265596389771e-01
2.025129199028015137e-01
2.024288475513458252e-01
2.023274153470993042e-01
2.021536231040954590e-01
2.021397054195404053e-01
2.021250575780868530e-01
2.021561264991760254e-01
2.022015154361724854e-01
2.019514888525009155e-01
2.020468115806579590e-01
2.020712047815322876e-01
2.021400183439254761e-01
2.019572108983993530e-01
2.019269019365310669e-01
2.019795477390289307e-01
2.019434422254562378e-01
2.018616944551467896e-01
2.018888741731643677e-01
2.018882930278778076e-01
2.019229531288146973e-01
2.019588947296142578e-01
2.018670141696929932e-01
2.018181234598159790e-01
2.018514871597290039e-01
2.018401473760604858e-01
2.017962187528610229e-01
2.018095552921295166e-01
2.017658650875091553e-01
2.017413377761840820e-01
2.017688900232315063e-01
2.017776370048522949e-01
2.017523199319839478e-01
2.020055800676345825e-01
2.020219564437866211e-01
2.019869834184646606e-01
2.020076811313629150e-01
2.020117193460464478e-01
2.019313722848892212e-01
2.018770277500152588e-01
2.018917202949523926e-01
2.019336521625518799e-01
2.019208669662475586e-01
2.017904222011566162e-01
2.017354071140289307e-01
2.017204165458679199e-01
2.016812711954116821e-01
2.018017172813415527e-01
2.018215507268905640e-01
2.018613368272781372e-01
2.019424587488174438e-01
2.020922899246215820e-01
2.020068913698196411e-01
2.019665241241455078e-01
2.019737958908081055e-01
2.019778639078140259e-01
2.019480019807815552e-01
2.019400298595428467e-01
2.019179165363311768e-01
2.019057124853134155e-01
2.018729597330093384e-01
2.018418163061141968e-01
2.018814235925674438e-01
2.018459588289260864e-01
2.018170058727264404e-01
2.017572224140167236e-01
2.017236799001693726e-01
2.016723453998565674e-01
2.016789317131042480e-01
2.016335874795913696e-01
2.015791088342666626e-01
2.016579806804656982e-01
2.017241716384887695e-01
2.018013298511505127e-01
2.018418014049530029e-01
2.018505334854125977e-01
2.018985450267791748e-01
2.018936276435852051e-01
2.018534541130065918e-01
2.018312960863113403e-01
2.017836123704910278e-01
2.017276138067245483e-01
2.016962915658950806e-01
2.016185671091079712e-01
2.015837281942367554e-01
2.015600949525833130e-01
2.012035697698593140e-01
2.010493725538253784e-01
2.008486092090606689e-01
2.006716430187225342e-01
2.004920691251754761e-01
2.003864645957946777e-01
2.000216096639633179e-01
1.997334361076354980e-01
1.994860172271728516e-01
1.992851793766021729e-01
1.990832239389419556e-01
1.989483237266540527e-01
1.988486945629119873e-01
1.986305713653564453e-01
1.985129565000534058e-01
1.984888315200805664e-01
1.984115839004516602e-01
1.984356194734573364e-01
1.984826177358627319e-01
1.985350847244262695e-01
1.985567659139633179e-01
1.985528022050857544e-01
1.985755413770675659e-01
1.986029148101806641e-01
1.985750049352645874e-01
1.986551135778427124e-01
1.987067312002182007e-01
1.987185627222061157e-01
1.985756158828735352e-01
1.984812915325164795e-01
1.982986330986022949e-01
1.981554776430130005e-01
1.980885267257690430e-01
1.980011910200119019e-01
1.980044990777969360e-01
1.979904025793075562e-01
1.979855746030807495e-01
1.979322433471679688e-01
1.979111731052398682e-01
1.979085505008697510e-01
1.979216486215591431e-01
1.979032605886459351e-01
1.979396045207977295e-01
1.979931145906448364e-01
1.979221403598785400e-01
1.978938579559326172e-01
1.978180408477783203e-01
1.977752745151519775e-01
1.977487653493881226e-01
1.978096365928649902e-01
1.977443695068359375e-01
1.976181566715240479e-01
1.976170241832733154e-01
1.976360082626342773e-01
1.975771933794021606e-01
1.974808126688003540e-01
1.974310576915740967e-01
1.973397135734558105e-01
