2.302584960937500000e+04
1.755907592773437500e+03
3.793817812500000000e+05
3.989937500000000000e+05
3.876669375000000000e+05
3.857803750000000000e+05
3.744006562500000000e+05
3.817516875000000000e+05
4.134829375000000000e+05
4.031643437500000000e+05
3.824852812500000000e+05
3.479040000000000000e+05
3.604327500000000000e+05
3.430235312500000000e+05
3.512834375000000000e+05
3.771534062500000000e+05
3.602292500000000000e+05
3.560363437500000000e+05
3.416310625000000000e+05
3.552715312500000000e+05
3.472236250000000000e+05
3.797174375000000000e+05
3.460782812500000000e+05
3.850624687500000000e+05
3.373647812500000000e+05
3.694149375000000000e+05
3.789850937500000000e+05
3.535550000000000000e+05
3.834879062500000000e+05
3.470246250000000000e+05
3.476048437500000000e+05
3.664780937500000000e+05
3.458769375000000000e+05
3.544923125000000000e+05
3.299259062500000000e+05
3.447089687500000000e+05
4.090259687500000000e+05
3.400871562500000000e+05
3.735475000000000000e+05
3.280152812500000000e+05
3.657812500000000000e+05
3.274835000000000000e+05
3.709211875000000000e+05
3.507932812500000000e+05
3.539658750000000000e+05
3.454595000000000000e+05
3.352587812500000000e+05
3.669200625000000000e+05
3.901496250000000000e+05
3.639134687500000000e+05
3.472008437500000000e+05
3.782871250000000000e+05
3.704184062500000000e+05
3.438766250000000000e+05
3.590869687500000000e+05
3.484060000000000000e+05
3.454652500000000000e+05
3.619263750000000000e+05
3.361417500000000000e+05
3.429084062500000000e+05
3.645958437500000000e+05
3.410336250000000000e+05
3.459721875000000000e+05
3.900102812500000000e+05
3.426823750000000000e+05
3.961430000000000000e+05
3.606429375000000000e+05
3.699221250000000000e+05
3.924594687500000000e+05
3.560190625000000000e+05
3.646882500000000000e+05
3.669936562500000000e+05
3.553181250000000000e+05
3.551119062500000000e+05
3.379859375000000000e+05
3.681155937500000000e+05
3.595304375000000000e+05
3.656786875000000000e+05
3.814795937500000000e+05
3.569773125000000000e+05
3.432833125000000000e+05
3.641235625000000000e+05
3.369657812500000000e+05
3.691411875000000000e+05
3.807021250000000000e+05
3.659424375000000000e+05
3.602340312500000000e+05
3.660129687500000000e+05
3.694946250000000000e+05
3.899449375000000000e+05
3.503800625000000000e+05
3.702458750000000000e+05
3.589474375000000000e+05
3.427243750000000000e+05
3.951307500000000000e+05
3.596657187500000000e+05
3.308961250000000000e+05
3.541657500000000000e+05
3.527712187500000000e+05
3.697604687500000000e+05
3.283463437500000000e+05
3.473972187500000000e+05
3.571637812500000000e+05
3.307118750000000000e+05
3.369520000000000000e+05
3.634289687500000000e+05
3.308959062500000000e+05
3.441833125000000000e+05
3.605153750000000000e+05
3.503261562500000000e+05
3.629090312500000000e+05
3.540733125000000000e+05
3.646785000000000000e+05
3.609904062500000000e+05
3.686747812500000000e+05
3.618900000000000000e+05
3.607129687500000000e+05
3.649762812500000000e+05
3.737530625000000000e+05
3.577268437500000000e+05
3.564803125000000000e+05
3.380633750000000000e+05
3.446179062500000000e+05
3.638959375000000000e+05
3.738115937500000000e+05
3.697146875000000000e+05
3.762189062500000000e+05
3.561630312500000000e+05
3.459705625000000000e+05
3.778399062500000000e+05
3.543522187500000000e+05
3.425638125000000000e+05
3.763624687500000000e+05
3.667123437500000000e+05
3.189094375000000000e+05
3.285722812500000000e+05
3.324687500000000000e+05
3.504344375000000000e+05
3.321747500000000000e+05
3.372760312500000000e+05
3.734033125000000000e+05
3.571295625000000000e+05
3.446322500000000000e+05
3.446770937500000000e+05
3.626121875000000000e+05
3.640717500000000000e+05
3.473940625000000000e+05
3.462206875000000000e+05
3.855767187500000000e+05
3.385849687500000000e+05
3.679480625000000000e+05
3.759108125000000000e+05
3.446021875000000000e+05
3.421725312500000000e+05
3.480775937500000000e+05
3.596584062500000000e+05
3.678345312500000000e+05
3.258040625000000000e+05
3.576954687500000000e+05
3.486611562500000000e+05
3.496907500000000000e+05
3.374769687500000000e+05
3.548353437500000000e+05
3.605826250000000000e+05
3.493270625000000000e+05
3.407982812500000000e+05
3.506403750000000000e+05
3.549470000000000000e+05
3.662670937500000000e+05
3.334271875000000000e+05
3.395110937500000000e+05
3.647788750000000000e+05
3.661244687500000000e+05
3.637940312500000000e+05
3.558315625000000000e+05
3.378212500000000000e+05
3.307641875000000000e+05
3.495804062500000000e+05
3.685763437500000000e+05
3.515621875000000000e+05
3.582575937500000000e+05
3.520274375000000000e+05
3.439193750000000000e+05
3.452945312500000000e+05
3.175470625000000000e+05
3.562865000000000000e+05
3.672936562500000000e+05
3.617653437500000000e+05
3.561799375000000000e+05
4.105640000000000000e+05
3.261784375000000000e+05
3.365407187500000000e+05
3.619533437500000000e+05
3.560040000000000000e+05
3.622863437500000000e+05
3.895511562500000000e+05
3.493990937500000000e+05
3.333935937500000000e+05
3.509082812500000000e+05
3.345615000000000000e+05
3.533524062500000000e+05
3.737992500000000000e+05
3.688175937500000000e+05
3.411617812500000000e+05
3.674568125000000000e+05
3.676305000000000000e+05
3.790566875000000000e+05
3.789460937500000000e+05
3.508153125000000000e+05
3.509894375000000000e+05
3.700297500000000000e+05
3.398006250000000000e+05
3.477184062500000000e+05
3.735499375000000000e+05
3.495674062500000000e+05
3.507267187500000000e+05
3.303630625000000000e+05
3.600208125000000000e+05
3.746874062500000000e+05
3.436410000000000000e+05
3.614118125000000000e+05
3.509973125000000000e+05
3.595270625000000000e+05
3.743318125000000000e+05
3.443997187500000000e+05
3.490101562500000000e+05
3.307728437500000000e+05
3.309084375000000000e+05
3.515113125000000000e+05
3.741925937500000000e+05
3.442471250000000000e+05
3.484168437500000000e+05
3.880101250000000000e+05
3.831514687500000000e+05
3.245784375000000000e+05
3.551255312500000000e+05
3.468517812500000000e+05
3.504110625000000000e+05
3.556225312500000000e+05
3.558621875000000000e+05
3.560475000000000000e+05
3.676065625000000000e+05
3.531159375000000000e+05
3.291162812500000000e+05
3.567123437500000000e+05
3.582633750000000000e+05
3.568714375000000000e+05
3.824976250000000000e+05
3.471385625000000000e+05
3.336256250000000000e+05
3.699905937500000000e+05
3.434890000000000000e+05
4.181639062500000000e+05
3.761099375000000000e+05
3.584475000000000000e+05
3.787200000000000000e+05
3.765077812500000000e+05
3.634399687500000000e+05
3.448703437500000000e+05
3.667910312500000000e+05
3.455000625000000000e+05
3.455325312500000000e+05
3.654217812500000000e+05
3.576779375000000000e+05
3.734011562500000000e+05
3.801558437500000000e+05
3.427198750000000000e+05
3.533516875000000000e+05
3.520730312500000000e+05
3.750226250000000000e+05
3.684739687500000000e+05
3.560120937500000000e+05
3.306657500000000000e+05
3.494849062500000000e+05
3.462350000000000000e+05
3.273970312500000000e+05
3.288804375000000000e+05
3.342334375000000000e+05
3.946529375000000000e+05
3.372914687500000000e+05
3.535642812500000000e+05
3.470439687500000000e+05
3.428646562500000000e+05
3.488582500000000000e+05
3.859000625000000000e+05
3.530602500000000000e+05
3.536174062500000000e+05
3.322467500000000000e+05
3.545339687500000000e+05
3.511746250000000000e+05
3.428074062500000000e+05
3.642506562500000000e+05
3.656083750000000000e+05
3.418513437500000000e+05
3.483671250000000000e+05
3.414167187500000000e+05
3.430920625000000000e+05
3.481036250000000000e+05
3.434342500000000000e+05
3.670391875000000000e+05
3.614495625000000000e+05
3.404817812500000000e+05
3.736990312500000000e+05
3.556222500000000000e+05
3.468049375000000000e+05
3.960994062500000000e+05
3.657027812500000000e+05
3.522711562500000000e+05
3.862786562500000000e+05
3.436977187500000000e+05
3.331038437500000000e+05
3.507990312500000000e+05
3.445094062500000000e+05
3.582847500000000000e+05
3.653571562500000000e+05
3.557518437500000000e+05
3.361060312500000000e+05
3.445437500000000000e+05
3.396578750000000000e+05
3.724293437500000000e+05
3.492254062500000000e+05
3.363209687500000000e+05
3.453243125000000000e+05
3.312956562500000000e+05
3.457675937500000000e+05
3.434803125000000000e+05
3.721911250000000000e+05
3.335370000000000000e+05
3.521558750000000000e+05
3.379320000000000000e+05
3.197597187500000000e+05
3.629713750000000000e+05
3.488890625000000000e+05
3.683154062500000000e+05
3.622731562500000000e+05
3.295062500000000000e+05
3.287965625000000000e+05
3.654256562500000000e+05
3.326983750000000000e+05
3.656947187500000000e+05
3.407872187500000000e+05
3.541969687500000000e+05
3.446588125000000000e+05
3.439819375000000000e+05
3.707997812500000000e+05
3.513852500000000000e+05
3.624382812500000000e+05
3.541810312500000000e+05
3.736197812500000000e+05
3.349074375000000000e+05
3.321390312500000000e+05
3.556721250000000000e+05
3.411888437500000000e+05
3.400790000000000000e+05
3.458238437500000000e+05
3.467360312500000000e+05
3.620785312500000000e+05
3.322001875000000000e+05
3.454849375000000000e+05
3.341699375000000000e+05
3.219042812500000000e+05
3.717482500000000000e+05
3.689223750000000000e+05
3.459858437500000000e+05
3.273358437500000000e+05
4.085927500000000000e+05
3.332770312500000000e+05
3.710525625000000000e+05
3.939673437500000000e+05
3.483568750000000000e+05
3.758529375000000000e+05
2.963290937500000000e+05
3.310652500000000000e+05
3.247222500000000000e+05
3.400363125000000000e+05
3.510337812500000000e+05
3.520275000000000000e+05
3.308662500000000000e+05
3.531945625000000000e+05
3.523630312500000000e+05
3.829166250000000000e+05
3.498810625000000000e+05
3.493222187500000000e+05
3.450482812500000000e+05
3.655436250000000000e+05
3.548480312500000000e+05
4.030636562500000000e+05
3.411471875000000000e+05
3.447646250000000000e+05
3.526019062500000000e+05
3.625384375000000000e+05
3.223861250000000000e+05
3.642932812500000000e+05
3.994852812500000000e+05
3.337212500000000000e+05
3.559443750000000000e+05
3.547010312500000000e+05
3.879245937500000000e+05
3.161821562500000000e+05
3.316484062500000000e+05
3.377044062500000000e+05
3.356262812500000000e+05
3.220770000000000000e+05
3.443975625000000000e+05
3.429162187500000000e+05
3.400646562500000000e+05
3.513883125000000000e+05
3.367517187500000000e+05
3.463109062500000000e+05
3.108792500000000000e+05
3.708710625000000000e+05
3.525305625000000000e+05
3.640155312500000000e+05
3.613316562500000000e+05
3.626567500000000000e+05
3.684470625000000000e+05
3.661030625000000000e+05
3.482871875000000000e+05
3.710481875000000000e+05
3.414501250000000000e+05
3.602908750000000000e+05
3.373768750000000000e+05
3.402819062500000000e+05
3.585220312500000000e+05
3.385995000000000000e+05
3.656573125000000000e+05
3.772966250000000000e+05
3.590306250000000000e+05
3.846587500000000000e+05
3.852961250000000000e+05
3.423672187500000000e+05
3.528225625000000000e+05
3.432890937500000000e+05
3.548386562500000000e+05
3.542415625000000000e+05
3.506799062500000000e+05
3.356133750000000000e+05
3.650392500000000000e+05
3.740222187500000000e+05
3.248369062500000000e+05
3.454540312500000000e+05
3.948320625000000000e+05
3.762084062500000000e+05
3.840939687500000000e+05
3.567342500000000000e+05
3.169317500000000000e+05
3.313180312500000000e+05
3.537844375000000000e+05
3.521399062500000000e+05
3.316504062500000000e+05
3.312392500000000000e+05
3.433024062500000000e+05
3.432846875000000000e+05
3.703744062500000000e+05
3.609784375000000000e+05
3.448567187500000000e+05
3.342939375000000000e+05
3.387564687500000000e+05
3.445607187500000000e+05
3.739961562500000000e+05
3.561560937500000000e+05
3.409991250000000000e+05
3.467581250000000000e+05
3.859585937500000000e+05
3.497050937500000000e+05
3.334415312500000000e+05
3.340260937500000000e+05
3.645263125000000000e+05
3.532408125000000000e+05
3.382948125000000000e+05
3.689896250000000000e+05
3.396243437500000000e+05
3.271744687500000000e+05
3.319725937500000000e+05
3.324633125000000000e+05
3.457931562500000000e+05
3.404734687500000000e+05
3.280716250000000000e+05
3.409562500000000000e+05
3.337437187500000000e+05
3.492513125000000000e+05
3.489930625000000000e+05
3.391492187500000000e+05
3.527753125000000000e+05
4.212303750000000000e+05
3.619353125000000000e+05
3.512903125000000000e+05
3.525849062500000000e+05
3.441501875000000000e+05
3.873753125000000000e+05
3.871032187500000000e+05
3.231422812500000000e+05
3.474175000000000000e+05
3.293420937500000000e+05
3.600594375000000000e+05
3.473373437500000000e+05
3.314216875000000000e+05
3.309087500000000000e+05
3.466730937500000000e+05
3.299200000000000000e+05
3.403491875000000000e+05
3.244877500000000000e+05
3.660731250000000000e+05
3.678203125000000000e+05
3.438138750000000000e+05
3.429072187500000000e+05
3.718964687500000000e+05
3.469014062500000000e+05
3.559702187500000000e+05
3.245774687500000000e+05
3.573992187500000000e+05
3.380667500000000000e+05
3.998625625000000000e+05
3.128699687500000000e+05
3.738283750000000000e+05
3.495165625000000000e+05
3.500192500000000000e+05
3.228108125000000000e+05
3.751868125000000000e+05
3.502334687500000000e+05
3.692084375000000000e+05
3.355620312500000000e+05
3.402527187500000000e+05
3.673066875000000000e+05
3.738426250000000000e+05
3.383493750000000000e+05
3.380579687500000000e+05
3.209931875000000000e+05
3.523183125000000000e+05
3.450563437500000000e+05
3.421950937500000000e+05
3.519202812500000000e+05
3.249199687500000000e+05
3.548767187500000000e+05
3.687425625000000000e+05
3.549879062500000000e+05
3.300603125000000000e+05
3.377058125000000000e+05
3.704314375000000000e+05
3.578086250000000000e+05
3.661723437500000000e+05
3.367780312500000000e+05
3.498468125000000000e+05
3.632345000000000000e+05
3.478713437500000000e+05
3.324795937500000000e+05
3.456161250000000000e+05
3.403707812500000000e+05
3.279333437500000000e+05
3.413007812500000000e+05
3.658286250000000000e+05
3.747598750000000000e+05
3.417664062500000000e+05
3.405368437500000000e+05
3.182014062500000000e+05
3.426562812500000000e+05
3.761033437500000000e+05
3.158577812500000000e+05
4.036872500000000000e+05
3.704101250000000000e+05
3.566152812500000000e+05
3.503720625000000000e+05
3.351340312500000000e+05
3.805236250000000000e+05
3.608615000000000000e+05
3.432706875000000000e+05
3.615377187500000000e+05
3.475797812500000000e+05
3.303563125000000000e+05
3.332459687500000000e+05
3.462016250000000000e+05
3.428654687500000000e+05
3.659800937500000000e+05
3.871905312500000000e+05
3.476764375000000000e+05
3.501285625000000000e+05
3.573312500000000000e+05
3.605471250000000000e+05
3.247918125000000000e+05
3.397123750000000000e+05
3.379670312500000000e+05
3.358198125000000000e+05
3.487359687500000000e+05
3.536520625000000000e+05
3.570251562500000000e+05
3.691294375000000000e+05
3.578415000000000000e+05
3.686227500000000000e+05
3.719851875000000000e+05
3.652375625000000000e+05
3.493846562500000000e+05
3.710035625000000000e+05
3.390901250000000000e+05
3.465899375000000000e+05
3.534996875000000000e+05
3.597568125000000000e+05
3.385627812500000000e+05
3.292636562500000000e+05
3.379809062500000000e+05
3.575112187500000000e+05
3.524480312500000000e+05
3.426480312500000000e+05
3.393178750000000000e+05
3.426523125000000000e+05
3.510479062500000000e+05
3.487208750000000000e+05
3.302670000000000000e+05
3.521999062500000000e+05
3.544241250000000000e+05
3.364242500000000000e+05
4.010579062500000000e+05
3.508075937500000000e+05
3.293342500000000000e+05
3.522592812500000000e+05
3.613859375000000000e+05
3.790169062500000000e+05
3.523243750000000000e+05
3.549215937500000000e+05
3.458866875000000000e+05
3.522048750000000000e+05
3.371549687500000000e+05
3.730347187500000000e+05
3.817340625000000000e+05
3.356059375000000000e+05
3.441696875000000000e+05
3.715585625000000000e+05
3.820480937500000000e+05
3.387730625000000000e+05
3.613560625000000000e+05
3.545371250000000000e+05
3.662972812500000000e+05
3.524952500000000000e+05
3.471169375000000000e+05
3.355535937500000000e+05
3.382810000000000000e+05
3.159736250000000000e+05
3.618289375000000000e+05
3.359364375000000000e+05
3.280546562500000000e+05
3.253126875000000000e+05
3.543830937500000000e+05
3.452066875000000000e+05
3.469665312500000000e+05
3.439703750000000000e+05
3.636244375000000000e+05
3.510345937500000000e+05
3.649800000000000000e+05
3.940061875000000000e+05
3.426183125000000000e+05
3.353185000000000000e+05
3.477106562500000000e+05
3.466247187500000000e+05
3.340902812500000000e+05
3.407685937500000000e+05
3.147151250000000000e+05
3.555193437500000000e+05
3.688872187500000000e+05
3.416089375000000000e+05
3.362222187500000000e+05
3.823095312500000000e+05
3.909773437500000000e+05
3.417956250000000000e+05
3.456710312500000000e+05
3.499966875000000000e+05
3.183485000000000000e+05
3.766111875000000000e+05
3.391251875000000000e+05
3.546939375000000000e+05
3.641090625000000000e+05
3.391296875000000000e+05
3.388008125000000000e+05
3.753137187500000000e+05
3.621264062500000000e+05
3.356826875000000000e+05
3.584432500000000000e+05
3.940329062500000000e+05
3.632941250000000000e+05
3.470430625000000000e+05
3.486553125000000000e+05
3.486271250000000000e+05
3.442740312500000000e+05
3.694795937500000000e+05
3.521780625000000000e+05
3.431997187500000000e+05
3.526760625000000000e+05
3.253616250000000000e+05
3.284206875000000000e+05
3.721948750000000000e+05
3.348873437500000000e+05
3.773975625000000000e+05
3.459145625000000000e+05
3.833532500000000000e+05
3.586980312500000000e+05
3.619784062500000000e+05
3.327855000000000000e+05
3.387317187500000000e+05
3.518675312500000000e+05
3.472140937500000000e+05
3.650697187500000000e+05
3.203413437500000000e+05
3.550240000000000000e+05
3.570521250000000000e+05
3.417636562500000000e+05
3.747173437500000000e+05
3.258045000000000000e+05
3.377390312500000000e+05
3.450229687500000000e+05
3.387520000000000000e+05
3.234515937500000000e+05
3.083407812500000000e+05
3.478228750000000000e+05
3.470745312500000000e+05
3.882315625000000000e+05
3.932475000000000000e+05
3.854590312500000000e+05
3.557410312500000000e+05
3.462202812500000000e+05
3.571850625000000000e+05
3.601860000000000000e+05
3.233737812500000000e+05
3.705566250000000000e+05
3.373149375000000000e+05
3.528016562500000000e+05
3.529691562500000000e+05
3.499377500000000000e+05
3.356155937500000000e+05
3.498061250000000000e+05
3.298452500000000000e+05
3.517279375000000000e+05
3.638095000000000000e+05
3.656937812500000000e+05
3.168372812500000000e+05
3.812998437500000000e+05
3.368156250000000000e+05
3.741869375000000000e+05
3.615477187500000000e+05
3.743811562500000000e+05
3.777240625000000000e+05
3.312388750000000000e+05
3.434080000000000000e+05
3.594202187500000000e+05
3.698322812500000000e+05
3.522869375000000000e+05
3.672768750000000000e+05
3.692567812500000000e+05
3.130439062500000000e+05
3.223380937500000000e+05
3.203121875000000000e+05
3.660264687500000000e+05
3.859137812500000000e+05
3.662555000000000000e+05
3.253973437500000000e+05
3.356100000000000000e+05
3.366378437500000000e+05
3.422672187500000000e+05
3.481923125000000000e+05
3.449346250000000000e+05
3.520571562500000000e+05
3.319169375000000000e+05
3.496300312500000000e+05
3.580250312500000000e+05
3.674678125000000000e+05
3.561537500000000000e+05
3.481957812500000000e+05
3.476294375000000000e+05
3.423756562500000000e+05
3.445116250000000000e+05
3.693739375000000000e+05
3.419000312500000000e+05
3.323979687500000000e+05
3.627900312500000000e+05
3.550486250000000000e+05
3.404566562500000000e+05
3.659826875000000000e+05
3.332744062500000000e+05
4.018687187500000000e+05
3.424221875000000000e+05
3.564603437500000000e+05
3.427350312500000000e+05
3.785695937500000000e+05
3.488257812500000000e+05
3.349923437500000000e+05
3.899243125000000000e+05
3.398708750000000000e+05
3.798789375000000000e+05
3.407808125000000000e+05
3.488947500000000000e+05
3.439062500000000000e+05
3.435376250000000000e+05
3.611318437500000000e+05
3.782827187500000000e+05
3.498186562500000000e+05
3.376991875000000000e+05
3.330742187500000000e+05
3.488893125000000000e+05
3.561503750000000000e+05
3.480297187500000000e+05
4.021865312500000000e+05
3.543202812500000000e+05
3.657053437500000000e+05
3.202653125000000000e+05
3.466155625000000000e+05
3.626879062500000000e+05
3.275505000000000000e+05
3.675014375000000000e+05
3.816963437500000000e+05
3.536634687500000000e+05
3.474703125000000000e+05
3.531340312500000000e+05
3.457863437500000000e+05
3.192700000000000000e+05
3.890540000000000000e+05
3.616627812500000000e+05
3.466733437500000000e+05
3.226430625000000000e+05
3.852079375000000000e+05
3.311004062500000000e+05
3.483617500000000000e+05
3.481912500000000000e+05
3.465722187500000000e+05
3.453473125000000000e+05
3.433344375000000000e+05
3.314405312500000000e+05
3.323271250000000000e+05
3.352488437500000000e+05
3.565184062500000000e+05
3.700590625000000000e+05
3.295830000000000000e+05
3.830581875000000000e+05
3.529408125000000000e+05
3.240255625000000000e+05
3.670615000000000000e+05
3.275443125000000000e+05
3.838888437500000000e+05
3.847199375000000000e+05
3.306274375000000000e+05
3.317314375000000000e+05
3.466368125000000000e+05
3.411873750000000000e+05
3.468155937500000000e+05
4.167231250000000000e+05
3.544570937500000000e+05
3.284468437500000000e+05
3.437986562500000000e+05
3.337604375000000000e+05
3.384086562500000000e+05
3.521375937500000000e+05
3.200697187500000000e+05
3.437148125000000000e+05
3.390806250000000000e+05
3.874355312500000000e+05
3.521448750000000000e+05
3.082477500000000000e+05
3.390400625000000000e+05
3.387950625000000000e+05
3.498730625000000000e+05
3.395513125000000000e+05
3.432247187500000000e+05
3.616545625000000000e+05
3.397009687500000000e+05
3.497823125000000000e+05
3.684755937500000000e+05
3.390493125000000000e+05
3.771627812500000000e+05
3.707182187500000000e+05
3.652402187500000000e+05
3.362680312500000000e+05
3.464600625000000000e+05
3.798169687500000000e+05
3.279543437500000000e+05
3.375942187500000000e+05
3.647130937500000000e+05
3.338772187500000000e+05
3.374122812500000000e+05
3.615863750000000000e+05
3.293459375000000000e+05
3.490624062500000000e+05
3.431682187500000000e+05
3.576827187500000000e+05
3.202636875000000000e+05
3.830468437500000000e+05
3.641344687500000000e+05
3.311304375000000000e+05
3.340562187500000000e+05
3.533550625000000000e+05
3.583881250000000000e+05
3.601962500000000000e+05
3.603903437500000000e+05
3.392268437500000000e+05
3.885905937500000000e+05
3.617525937500000000e+05
3.403498437500000000e+05
3.499017187500000000e+05
3.230325625000000000e+05
3.711138750000000000e+05
3.265709375000000000e+05
3.146712500000000000e+05
3.667451562500000000e+05
3.409333437500000000e+05
3.466093750000000000e+05
3.591254062500000000e+05
3.456445937500000000e+05
3.547275625000000000e+05
3.792488125000000000e+05
3.628057500000000000e+05
3.439090000000000000e+05
3.285931562500000000e+05
3.318036875000000000e+05
3.443735312500000000e+05
3.622317500000000000e+05
3.809956875000000000e+05
3.349802500000000000e+05
3.407853750000000000e+05
3.754744062500000000e+05
3.497865312500000000e+05
3.341246250000000000e+05
3.605701250000000000e+05
3.362013125000000000e+05
3.407547187500000000e+05
3.283664062500000000e+05
3.265793750000000000e+05
3.519068750000000000e+05
3.581162812500000000e+05
3.295265000000000000e+05
3.814819375000000000e+05
3.363905625000000000e+05
3.517300625000000000e+05
3.690040000000000000e+05
3.352448125000000000e+05
3.643210312500000000e+05
3.447536875000000000e+05
3.270739062500000000e+05
3.493594375000000000e+05
3.313029375000000000e+05
3.402928437500000000e+05
3.433326250000000000e+05
3.524143750000000000e+05
3.358362187500000000e+05
3.783889687500000000e+05
3.260661250000000000e+05
3.293473750000000000e+05
3.628224375000000000e+05
3.798779687500000000e+05
3.580459687500000000e+05
3.654481562500000000e+05
3.568590937500000000e+05
3.447573437500000000e+05
3.330373125000000000e+05
3.407001875000000000e+05
3.747950937500000000e+05
3.277495312500000000e+05
3.493682500000000000e+05
3.426606562500000000e+05
3.560023750000000000e+05
3.428251562500000000e+05
3.527040937500000000e+05
3.382590625000000000e+05
3.488625625000000000e+05
3.647544375000000000e+05
3.733336250000000000e+05
3.736545937500000000e+05
3.490357500000000000e+05
3.390838437500000000e+05
3.493556875000000000e+05
3.267316250000000000e+05
3.344740625000000000e+05
3.442657812500000000e+05
3.484253750000000000e+05
3.340033125000000000e+05
3.511498437500000000e+05
3.751859375000000000e+05
3.627408437500000000e+05
3.454645625000000000e+05
3.574990312500000000e+05
3.596792812500000000e+05
3.403651562500000000e+05
3.899648750000000000e+05
3.245271250000000000e+05
3.668145000000000000e+05
3.714677500000000000e+05
4.082915625000000000e+05
3.346226875000000000e+05
3.788638125000000000e+05
3.441717500000000000e+05
3.445625625000000000e+05
3.825049375000000000e+05
3.538024375000000000e+05
3.655989687500000000e+05
3.378780000000000000e+05
3.503243125000000000e+05
3.352951562500000000e+05
3.650761250000000000e+05
3.487417812500000000e+05
3.328250625000000000e+05
3.943515625000000000e+05
3.592746875000000000e+05
4.372484375000000000e+05
3.329075312500000000e+05
3.388822500000000000e+05
3.304353437500000000e+05
