9.999999403953552246e-02
8.389612436294555664e-01
1.242056846618652344e+00
1.779391407966613770e+00
2.549362659454345703e+00
3.264929056167602539e+00
3.938121080398559570e+00
4.614341259002685547e+00
5.452006340026855469e+00
6.263003349304199219e+00
7.021170139312744141e+00
7.814570903778076172e+00
8.513075828552246094e+00
9.178758621215820312e+00
9.800076484680175781e+00
1.037451457977294922e+01
1.091265773773193359e+01
1.141319370269775391e+01
1.187372493743896484e+01
1.230490112304687500e+01
1.272335624694824219e+01
1.310085010528564453e+01
1.345323944091796875e+01
1.377944660186767578e+01
1.408475112915039062e+01
1.436737442016601562e+01
1.463100147247314453e+01
1.487552738189697266e+01
1.512816143035888672e+01
1.535194492340087891e+01
1.556011867523193359e+01
1.575357913970947266e+01
1.593313312530517578e+01
1.610006332397460938e+01
1.625651931762695312e+01
1.640372657775878906e+01
1.654082107543945312e+01
1.666916847229003906e+01
1.679018783569335938e+01
1.690597724914550781e+01
1.701384162902832031e+01
1.711640930175781250e+01
1.721264076232910156e+01
1.730436325073242188e+01
1.739094543457031250e+01
1.747305297851562500e+01
1.755163574218750000e+01
1.762665939331054688e+01
1.769829750061035156e+01
1.776732444763183594e+01
1.783344841003417969e+01
1.789672470092773438e+01
1.795778083801269531e+01
1.801650619506835938e+01
1.807302665710449219e+01
1.812772369384765625e+01
1.818060302734375000e+01
1.823234367370605469e+01
1.828304862976074219e+01
1.833227729797363281e+01
1.838031768798828125e+01
1.843316078186035156e+01
1.848151969909667969e+01
1.852876281738281250e+01
1.857463645935058594e+01
1.861945915222167969e+01
1.866353225708007812e+01
1.870686149597167969e+01
1.874923896789550781e+01
1.879106903076171875e+01
1.883218383789062500e+01
1.887246704101562500e+01
1.891260337829589844e+01
1.895174789428710938e+01
1.899032020568847656e+01
1.902838134765625000e+01
1.906604385375976562e+01
1.910305213928222656e+01
1.913982963562011719e+01
1.917575645446777344e+01
1.921175193786621094e+01
1.924719238281250000e+01
1.928281593322753906e+01
1.931805038452148438e+01
1.935299491882324219e+01
1.938754272460937500e+01
1.942215728759765625e+01
1.945605850219726562e+01
1.948950195312500000e+01
1.952286720275878906e+01
1.955541229248046875e+01
1.958824920654296875e+01
1.962072372436523438e+01
1.965332794189453125e+01
1.968589782714843750e+01
1.971825981140136719e+01
1.975088500976562500e+01
1.978310775756835938e+01
1.981508064270019531e+01
1.984692001342773438e+01
1.987850189208984375e+01
1.991008949279785156e+01
1.994108581542968750e+01
1.997200202941894531e+01
2.000278091430664062e+01
2.003327178955078125e+01
2.006387901306152344e+01
2.009387779235839844e+01
2.012400627136230469e+01
2.015451622009277344e+01
2.018463897705078125e+01
2.021440315246582031e+01
2.024423408508300781e+01
2.027396392822265625e+01
2.030352210998535156e+01
2.033300018310546875e+01
2.036247634887695312e+01
2.039189147949218750e+01
2.042102432250976562e+01
2.044980621337890625e+01
2.047859382629394531e+01
2.050705528259277344e+01
2.053538703918457031e+01
2.056353187561035156e+01
2.059162521362304688e+01
2.061937332153320312e+01
2.064706611633300781e+01
2.067474746704101562e+01
2.070241546630859375e+01
2.072966384887695312e+01
2.075714683532714844e+01
2.078449821472167969e+01
2.081193351745605469e+01
2.083928108215332031e+01
2.086718940734863281e+01
2.089459228515625000e+01
2.092198371887207031e+01
2.094908142089843750e+01
2.097609710693359375e+01
2.100310325622558594e+01
2.102983474731445312e+01
2.105640983581542969e+01
2.108288383483886719e+01
2.110908699035644531e+01
2.113503074645996094e+01
2.116090393066406250e+01
2.118659591674804688e+01
2.121236228942871094e+01
2.123815536499023438e+01
2.126348876953125000e+01
2.128872680664062500e+01
2.131398773193359375e+01
2.133957099914550781e+01
2.136517524719238281e+01
2.139064216613769531e+01
2.141601181030273438e+01
2.144148826599121094e+01
2.146687698364257812e+01
2.149245262145996094e+01
2.151786041259765625e+01
2.154306411743164062e+01
2.156823921203613281e+01
2.159331703186035156e+01
2.161808204650878906e+01
2.164268684387207031e+01
2.166706085205078125e+01
2.169124603271484375e+01
2.171614456176757812e+01
2.174071693420410156e+01
2.176507568359375000e+01
2.178938484191894531e+01
2.181359863281250000e+01
2.183771896362304688e+01
2.186196899414062500e+01
2.188614845275878906e+01
2.191007804870605469e+01
2.193406867980957031e+01
2.195786666870117188e+01
2.198167991638183594e+01
2.200541877746582031e+01
2.202932357788085938e+01
2.205284309387207031e+01
2.207642555236816406e+01
2.209994316101074219e+01
2.212337875366210938e+01
2.214661788940429688e+01
2.216999626159667969e+01
2.219349861145019531e+01
2.221667861938476562e+01
2.224034500122070312e+01
2.226340675354003906e+01
2.228624725341796875e+01
2.230906486511230469e+01
2.233183288574218750e+01
2.235453414916992188e+01
2.237705039978027344e+01
2.239960098266601562e+01
2.242193984985351562e+01
2.244441604614257812e+01
2.246661567687988281e+01
2.248873901367187500e+01
2.251065826416015625e+01
2.253305053710937500e+01
2.255549049377441406e+01
2.257799339294433594e+01
2.260054206848144531e+01
2.262283515930175781e+01
2.264535713195800781e+01
2.266767883300781250e+01
2.268989181518554688e+01
2.271218109130859375e+01
2.273458671569824219e+01
2.275681304931640625e+01
2.277898406982421875e+01
2.280092620849609375e+01
2.282305145263671875e+01
2.284506988525390625e+01
2.286710548400878906e+01
2.288900756835937500e+01
2.291051292419433594e+01
2.293208122253417969e+01
2.295377349853515625e+01
2.297554016113281250e+01
2.299652671813964844e+01
2.301777458190917969e+01
2.303916740417480469e+01
2.306031990051269531e+01
2.308170127868652344e+01
2.310316276550292969e+01
2.312453460693359375e+01
2.314581298828125000e+01
2.316697120666503906e+01
2.318818283081054688e+01
2.320915794372558594e+01
2.323019027709960938e+01
2.325120353698730469e+01
2.327226066589355469e+01
2.329296302795410156e+01
2.331402015686035156e+01
2.333480262756347656e+01
2.335574340820312500e+01
2.337666893005371094e+01
2.339731216430664062e+01
2.341822624206542969e+01
2.343884277343750000e+01
2.345942878723144531e+01
2.347996711730957031e+01
2.350060081481933594e+01
2.352133369445800781e+01
2.354203414916992188e+01
2.356263351440429688e+01
2.358283996582031250e+01
2.360317611694335938e+01
2.362334060668945312e+01
2.364385032653808594e+01
2.366406822204589844e+01
2.368449783325195312e+01
2.370470619201660156e+01
2.372457122802734375e+01
2.374462509155273438e+01
2.376459312438964844e+01
2.378449249267578125e+01
2.380445289611816406e+01
2.382469367980957031e+01
2.384475135803222656e+01
2.386480712890625000e+01
2.388503646850585938e+01
2.390506744384765625e+01
2.392495536804199219e+01
2.394483566284179688e+01
2.396508979797363281e+01
2.398535346984863281e+01
2.400543212890625000e+01
2.402544212341308594e+01
2.404550743103027344e+01
2.406581878662109375e+01
2.408576774597167969e+01
2.410575294494628906e+01
2.412554931640625000e+01
2.414547729492187500e+01
2.416524696350097656e+01
2.418491554260253906e+01
2.420443153381347656e+01
2.422396469116210938e+01
2.424341201782226562e+01
2.426270484924316406e+01
2.428180503845214844e+01
2.430102157592773438e+01
2.432046890258789062e+01
2.433965110778808594e+01
2.435864257812500000e+01
2.437765884399414062e+01
2.439687156677246094e+01
2.441598892211914062e+01
2.443502616882324219e+01
2.445424842834472656e+01
2.447472190856933594e+01
2.449457168579101562e+01
2.451417350769042969e+01
2.453377914428710938e+01
2.455304336547851562e+01
2.457179832458496094e+01
2.459078407287597656e+01
2.460949707031250000e+01
2.462814903259277344e+01
2.464661979675292969e+01
2.466499137878417969e+01
2.468369483947753906e+01
2.470227622985839844e+01
2.472078704833984375e+01
2.473939132690429688e+01
2.475794601440429688e+01
2.477666091918945312e+01
2.479537963867187500e+01
2.481401062011718750e+01
2.483270454406738281e+01
2.485116767883300781e+01
2.486948394775390625e+01
2.488781166076660156e+01
2.490585899353027344e+01
2.492407417297363281e+01
2.494234657287597656e+01
2.496040153503417969e+01
2.497856903076171875e+01
2.499658012390136719e+01
2.501479530334472656e+01
2.503296852111816406e+01
2.505120277404785156e+01
2.506946182250976562e+01
2.508757400512695312e+01
2.510550498962402344e+01
2.512342262268066406e+01
2.514133262634277344e+01
2.515926933288574219e+01
2.517698097229003906e+01
2.519462966918945312e+01
2.521220207214355469e+01
2.522999191284179688e+01
2.524765396118164062e+01
2.526519584655761719e+01
2.528262138366699219e+01
2.529983520507812500e+01
2.531747436523437500e+01
2.533490180969238281e+01
2.535226249694824219e+01
2.536968231201171875e+01
2.538707923889160156e+01
2.540475654602050781e+01
2.542267799377441406e+01
2.544050407409667969e+01
2.545827102661132812e+01
2.547611045837402344e+01
2.549368286132812500e+01
2.551131248474121094e+01
2.552871131896972656e+01
2.554615974426269531e+01
2.556364631652832031e+01
2.558120155334472656e+01
2.559867858886718750e+01
2.561580848693847656e+01
2.563331031799316406e+01
2.565062332153320312e+01
2.566806602478027344e+01
2.568501472473144531e+01
2.570243072509765625e+01
2.571985816955566406e+01
2.573726272583007812e+01
2.575447654724121094e+01
2.577189636230468750e+01
2.578926658630371094e+01
2.580688476562500000e+01
2.582386779785156250e+01
2.584102439880371094e+01
2.585801696777343750e+01
2.587509155273437500e+01
2.589201354980468750e+01
2.590898323059082031e+01
2.592582130432128906e+01
2.594267082214355469e+01
2.595946121215820312e+01
2.597680473327636719e+01
2.599398994445800781e+01
2.601260185241699219e+01
2.603048324584960938e+01
2.604846572875976562e+01
2.606614875793457031e+01
2.608374023437500000e+01
2.610125160217285156e+01
2.611861038208007812e+01
2.613611984252929688e+01
2.615346717834472656e+01
2.617087936401367188e+01
2.618828773498535156e+01
2.620527267456054688e+01
2.622263908386230469e+01
2.623963356018066406e+01
2.625659942626953125e+01
2.627341079711914062e+01
2.629012298583984375e+01
2.630683326721191406e+01
2.632343673706054688e+01
2.634010124206542969e+01
2.635652351379394531e+01
2.637310600280761719e+01
2.638953399658203125e+01
2.640603256225585938e+01
2.642234420776367188e+01
2.643877410888671875e+01
2.645526313781738281e+01
2.647157669067382812e+01
2.648780250549316406e+01
2.650419807434082031e+01
2.652032470703125000e+01
2.653651046752929688e+01
2.655255699157714844e+01
2.656845283508300781e+01
2.658434104919433594e+01
2.660012245178222656e+01
2.661612892150878906e+01
2.663213729858398438e+01
2.664812469482421875e+01
2.666405105590820312e+01
2.667991638183593750e+01
2.669583892822265625e+01
2.671164131164550781e+01
2.672731781005859375e+01
2.674319076538085938e+01
2.675914764404296875e+01
2.677487182617187500e+01
2.679084396362304688e+01
2.680651664733886719e+01
2.682270050048828125e+01
2.683872985839843750e+01
2.685480880737304688e+01
2.687050247192382812e+01
2.688640213012695312e+01
2.690279006958007812e+01
2.691897010803222656e+01
2.693506050109863281e+01
2.695088958740234375e+01
2.696684646606445312e+01
2.698290061950683594e+01
2.699867439270019531e+01
2.701468658447265625e+01
2.703055381774902344e+01
2.704616546630859375e+01
2.706164169311523438e+01
2.707727050781250000e+01
2.709267425537109375e+01
2.710831642150878906e+01
2.712402915954589844e+01
2.713960266113281250e+01
2.715517807006835938e+01
2.717061042785644531e+01
2.718611717224121094e+01
2.720148658752441406e+01
2.721694755554199219e+01
2.723244285583496094e+01
2.724774742126464844e+01
2.726308631896972656e+01
2.727851486206054688e+01
2.729372978210449219e+01
2.730888175964355469e+01
2.732393646240234375e+01
2.733905029296875000e+01
2.735395240783691406e+01
2.736908149719238281e+01
2.738431358337402344e+01
2.739940452575683594e+01
2.741446495056152344e+01
2.742953872680664062e+01
2.744468879699707031e+01
2.745968818664550781e+01
2.747454261779785156e+01
2.748952102661132812e+01
2.750500106811523438e+01
2.752001190185546875e+01
2.753501701354980469e+01
2.755004882812500000e+01
2.756502342224121094e+01
2.757984924316406250e+01
2.759502792358398438e+01
2.760958290100097656e+01
2.762453269958496094e+01
2.763986396789550781e+01
2.765509986877441406e+01
2.767013359069824219e+01
2.768553352355957031e+01
2.770061111450195312e+01
2.771555709838867188e+01
2.773048782348632812e+01
2.774596023559570312e+01
2.776112937927246094e+01
2.777626800537109375e+01
2.779131698608398438e+01
2.780625724792480469e+01
2.782129859924316406e+01
2.783610916137695312e+01
2.785089683532714844e+01
2.786557388305664062e+01
2.788044929504394531e+01
2.789523887634277344e+01
2.790989685058593750e+01
2.792455863952636719e+01
2.793866920471191406e+01
2.795307922363281250e+01
2.796755218505859375e+01
2.798188018798828125e+01
2.799642944335937500e+01
2.801064491271972656e+01
2.802482032775878906e+01
2.803917312622070312e+01
2.805332946777343750e+01
2.806772613525390625e+01
2.808216476440429688e+01
2.809631729125976562e+01
2.811040496826171875e+01
2.812449073791503906e+01
2.813866806030273438e+01
2.815320587158203125e+01
2.816728973388671875e+01
2.818147468566894531e+01
2.819570350646972656e+01
2.820994758605957031e+01
2.822413444519042969e+01
2.823822975158691406e+01
2.825248718261718750e+01
2.826660156250000000e+01
2.828082847595214844e+01
2.829482460021972656e+01
2.830858612060546875e+01
2.832246017456054688e+01
2.833623504638671875e+01
2.835013771057128906e+01
2.836450386047363281e+01
2.837856101989746094e+01
2.839266395568847656e+01
2.840682792663574219e+01
2.842080116271972656e+01
2.843469810485839844e+01
2.844888687133789062e+01
2.846287345886230469e+01
2.847695922851562500e+01
2.849078750610351562e+01
2.850468063354492188e+01
2.851865959167480469e+01
2.853253173828125000e+01
2.854662132263183594e+01
2.856056022644042969e+01
2.857448768615722656e+01
2.858824539184570312e+01
2.860234642028808594e+01
2.861631774902343750e+01
2.862997817993164062e+01
2.864388084411621094e+01
2.865764617919921875e+01
2.867158126831054688e+01
2.868557739257812500e+01
2.869940757751464844e+01
2.871295928955078125e+01
2.872644615173339844e+01
2.874014663696289062e+01
2.875369644165039062e+01
2.876737022399902344e+01
2.878087043762207031e+01
2.879438209533691406e+01
2.880779838562011719e+01
2.882124519348144531e+01
2.883475112915039062e+01
2.884820175170898438e+01
2.886180877685546875e+01
2.887522315979003906e+01
2.888868141174316406e+01
2.890205764770507812e+01
2.891564559936523438e+01
2.892911720275878906e+01
2.894261932373046875e+01
2.895612525939941406e+01
2.896986007690429688e+01
2.898338508605957031e+01
2.899671363830566406e+01
2.901022148132324219e+01
2.902387809753417969e+01
2.903718948364257812e+01
2.905050277709960938e+01
2.906388854980468750e+01
2.907735824584960938e+01
2.909091186523437500e+01
2.910423660278320312e+01
2.911760711669921875e+01
2.913068580627441406e+01
2.914406204223632812e+01
2.915735244750976562e+01
2.917050743103027344e+01
2.918349647521972656e+01
2.919675827026367188e+01
2.920987319946289062e+01
2.922307205200195312e+01
2.923624610900878906e+01
2.924939918518066406e+01
2.926284027099609375e+01
2.927626037597656250e+01
2.928981399536132812e+01
2.930315208435058594e+01
2.931651687622070312e+01
2.932979774475097656e+01
2.934325599670410156e+01
2.935668754577636719e+01
2.937021636962890625e+01
2.938361358642578125e+01
2.939679145812988281e+01
2.941023254394531250e+01
2.942363929748535156e+01
2.943713188171386719e+01
2.945071983337402344e+01
2.946434783935546875e+01
2.947838973999023438e+01
2.949214172363281250e+01
2.950605392456054688e+01
2.951951980590820312e+01
2.953286933898925781e+01
2.954608154296875000e+01
2.955965423583984375e+01
2.957292938232421875e+01
2.958630180358886719e+01
2.959957885742187500e+01
2.961306190490722656e+01
2.962620544433593750e+01
2.963947868347167969e+01
2.965261268615722656e+01
2.966588401794433594e+01
2.967901420593261719e+01
2.969201087951660156e+01
2.970502090454101562e+01
2.971794319152832031e+01
2.973111915588378906e+01
2.974422645568847656e+01
2.975722312927246094e+01
2.977014350891113281e+01
2.978316879272460938e+01
2.979587745666503906e+01
2.980881118774414062e+01
2.982172203063964844e+01
2.983435440063476562e+01
2.984703063964843750e+01
2.985978317260742188e+01
2.987252235412597656e+01
2.988506698608398438e+01
2.989784812927246094e+01
2.991080284118652344e+01
2.992356109619140625e+01
2.993645095825195312e+01
2.994939422607421875e+01
2.996212959289550781e+01
2.997527503967285156e+01
2.998816490173339844e+01
3.000133705139160156e+01
3.001424980163574219e+01
3.002715301513671875e+01
3.003991508483886719e+01
3.005262184143066406e+01
3.006525802612304688e+01
3.007796096801757812e+01
3.009049415588378906e+01
3.010339546203613281e+01
3.011619949340820312e+01
3.012904357910156250e+01
3.014178276062011719e+01
3.015444755554199219e+01
3.016744041442871094e+01
3.017996025085449219e+01
3.019259643554687500e+01
3.020493507385253906e+01
3.021734428405761719e+01
3.022982788085937500e+01
3.024225044250488281e+01
3.025458145141601562e+01
3.026696586608886719e+01
3.027949523925781250e+01
3.029178047180175781e+01
3.030384254455566406e+01
3.031609725952148438e+01
3.032842254638671875e+01
3.034085083007812500e+01
3.035327148437500000e+01
3.036540412902832031e+01
3.037781524658203125e+01
3.038990020751953125e+01
3.040196418762207031e+01
3.041394042968750000e+01
3.042558860778808594e+01
3.043753242492675781e+01
3.044972038269042969e+01
3.046171951293945312e+01
3.047357749938964844e+01
3.048558044433593750e+01
3.049768257141113281e+01
3.050958061218261719e+01
3.052143478393554688e+01
3.053340148925781250e+01
3.054537582397460938e+01
3.055745506286621094e+01
3.056898498535156250e+01
3.058068656921386719e+01
3.059219932556152344e+01
3.060361671447753906e+01
3.061537361145019531e+01
3.062725067138671875e+01
3.063889884948730469e+01
3.065078353881835938e+01
3.066268348693847656e+01
3.067454719543457031e+01
3.068647384643554688e+01
3.069822692871093750e+01
3.071015167236328125e+01
3.072212982177734375e+01
3.073410987854003906e+01
3.074598312377929688e+01
3.075783920288085938e+01
3.076981353759765625e+01
3.078166580200195312e+01
3.079349517822265625e+01
3.080543136596679688e+01
3.081727218627929688e+01
3.082895469665527344e+01
3.084080123901367188e+01
3.085251045227050781e+01
3.086422538757324219e+01
3.087598609924316406e+01
3.088781166076660156e+01
3.089939880371093750e+01
3.091103553771972656e+01
3.092284011840820312e+01
3.093461990356445312e+01
3.094657707214355469e+01
3.095858001708984375e+01
3.097053718566894531e+01
3.098239898681640625e+01
3.099420738220214844e+01
3.100611495971679688e+01
3.101796722412109375e+01
3.102985191345214844e+01
3.104174232482910156e+01
3.105370330810546875e+01
3.106554603576660156e+01
3.107742309570312500e+01
3.108929443359375000e+01
3.110108947753906250e+01
3.111287879943847656e+01
3.112465476989746094e+01
3.113652992248535156e+01
3.114845657348632812e+01
3.116040039062500000e+01
3.117219352722167969e+01
3.118420600891113281e+01
3.119635581970214844e+01
3.120829772949218750e+01
3.122049331665039062e+01
3.123256111145019531e+01
3.124451446533203125e+01
3.125652503967285156e+01
3.126818275451660156e+01
3.127973937988281250e+01
3.129155921936035156e+01
3.130319786071777344e+01
3.131481170654296875e+01
3.132635879516601562e+01
3.133788871765136719e+01
3.134920120239257812e+01
3.136075210571289062e+01
3.137256431579589844e+01
3.138421821594238281e+01
3.139577293395996094e+01
3.140752601623535156e+01
3.141918182373046875e+01
3.143078231811523438e+01
3.144227790832519531e+01
3.145381546020507812e+01
3.146518898010253906e+01
3.147710037231445312e+01
3.148872184753417969e+01
3.150032424926757812e+01
3.151189422607421875e+01
3.152388763427734375e+01
3.153579330444335938e+01
3.154799079895019531e+01
3.156005859375000000e+01
3.157200431823730469e+01
3.158395195007324219e+01
3.159559822082519531e+01
3.160744285583496094e+01
3.161920166015625000e+01
3.163120079040527344e+01
3.164328193664550781e+01
3.165507507324218750e+01
3.166668128967285156e+01
3.167838668823242188e+01
3.168994140625000000e+01
3.170159149169921875e+01
3.171300125122070312e+01
3.172454833984375000e+01
3.173592948913574219e+01
3.174756622314453125e+01
3.175887680053710938e+01
3.177017784118652344e+01
3.178190040588378906e+01
3.179371070861816406e+01
3.180549621582031250e+01
3.181720352172851562e+01
3.182888031005859375e+01
3.184041023254394531e+01
3.185183525085449219e+01
3.186391067504882812e+01
3.187528228759765625e+01
3.188694572448730469e+01
3.189856719970703125e+01
3.191021156311035156e+01
3.192168998718261719e+01
3.193325233459472656e+01
3.194479370117187500e+01
3.195616531372070312e+01
3.196755599975585938e+01
3.197877883911132812e+01
3.199020957946777344e+01
3.200142669677734375e+01
3.201272201538085938e+01
3.202388381958007812e+01
3.203496932983398438e+01
3.204618453979492188e+01
3.205736541748046875e+01
3.206850051879882812e+01
3.207954788208007812e+01
3.209057617187500000e+01
3.210151672363281250e+01
3.211272430419921875e+01
3.212377929687500000e+01
3.213483047485351562e+01
3.214552688598632812e+01
3.215655517578125000e+01
3.216735076904296875e+01
3.217824935913085938e+01
3.218935775756835938e+01
3.220036697387695312e+01
3.221146774291992188e+01
3.222246932983398438e+01
3.223343276977539062e+01
3.224438095092773438e+01
3.225545120239257812e+01
3.226650238037109375e+01
3.227766418457031250e+01
3.228865814208984375e+01
3.229982376098632812e+01
3.231116867065429688e+01
3.232240295410156250e+01
3.233344268798828125e+01
3.234438705444335938e+01
3.235545349121093750e+01
3.236628341674804688e+01
3.237721633911132812e+01
3.238822174072265625e+01
3.239918518066406250e+01
3.241023635864257812e+01
3.242125701904296875e+01
3.243215942382812500e+01
3.244319534301757812e+01
3.245411300659179688e+01
3.246485519409179688e+01
3.247574996948242188e+01
3.248674011230468750e+01
3.249755859375000000e+01
3.250812530517578125e+01
3.251884460449218750e+01
3.252949142456054688e+01
3.254011535644531250e+01
3.255064773559570312e+01
3.256114578247070312e+01
3.257178115844726562e+01
3.258224868774414062e+01
3.259296417236328125e+01
3.260354995727539062e+01
3.261408996582031250e+01
3.262475967407226562e+01
3.263553619384765625e+01
3.264617156982421875e+01
3.265694427490234375e+01
3.266781234741210938e+01
3.267871093750000000e+01
3.268952178955078125e+01
3.270033264160156250e+01
3.271096801757812500e+01
3.272260665893554688e+01
3.273368835449218750e+01
3.274449539184570312e+01
3.275532913208007812e+01
3.276621246337890625e+01
3.277711868286132812e+01
3.278817749023437500e+01
3.279898834228515625e+01
3.280976104736328125e+01
3.282027053833007812e+01
3.283082199096679688e+01
3.284122467041015625e+01
3.285175323486328125e+01
3.286240768432617188e+01
3.287301254272460938e+01
3.288333511352539062e+01
3.289398956298828125e+01
3.290456771850585938e+01
3.291510772705078125e+01
3.292557907104492188e+01
3.293606185913085938e+01
3.294886779785156250e+01
3.296055984497070312e+01
3.297203826904296875e+01
3.298345947265625000e+01
3.299521255493164062e+01
3.300735855102539062e+01
3.301889801025390625e+01
3.303050231933593750e+01
3.304238891601562500e+01
3.305391693115234375e+01
3.306539154052734375e+01
3.307668304443359375e+01
3.308791351318359375e+01
3.309884643554687500e+01
3.310995101928710938e+01
3.312097549438476562e+01
3.313189315795898438e+01
3.314287567138671875e+01
3.315388488769531250e+01
3.316474151611328125e+01
3.317555236816406250e+01
3.318634033203125000e+01
3.319709777832031250e+01
3.320767211914062500e+01
3.321809768676757812e+01
3.322876358032226562e+01
3.323921585083007812e+01
3.324966812133789062e+01
3.326009750366210938e+01
3.327051544189453125e+01
3.328095245361328125e+01
3.329126739501953125e+01
3.330146408081054688e+01
3.331165313720703125e+01
3.332189559936523438e+01
3.333218002319335938e+01
3.334260940551757812e+01
3.335296630859375000e+01
3.336346435546875000e+01
3.337366867065429688e+01
3.338392257690429688e+01
3.339416885375976562e+01
3.340438079833984375e+01
3.341466140747070312e+01
3.342474365234375000e+01
3.343507385253906250e+01
3.344520950317382812e+01
3.345539474487304688e+01
3.346558380126953125e+01
3.347573471069335938e+01
3.348613357543945312e+01
3.349654388427734375e+01
3.350673675537109375e+01
3.351704788208007812e+01
3.352759933471679688e+01
3.353795242309570312e+01
3.354817581176757812e+01
3.355857086181640625e+01
3.356885528564453125e+01
3.357912445068359375e+01
3.358964920043945312e+01
3.360013961791992188e+01
3.361066055297851562e+01
3.362126159667968750e+01
3.363175582885742188e+01
3.364216995239257812e+01
3.365259170532226562e+01
3.366295623779296875e+01
3.367307281494140625e+01
3.368341064453125000e+01
3.369329833984375000e+01
3.370355224609375000e+01
3.371365356445312500e+01
3.372367477416992188e+01
3.373366928100585938e+01
3.374371337890625000e+01
3.375370025634765625e+01
3.376363372802734375e+01
3.377342224121093750e+01
3.378316879272460938e+01
3.379300308227539062e+01
3.380279541015625000e+01
3.381265258789062500e+01
3.382255554199218750e+01
3.383229827880859375e+01
3.384210968017578125e+01
3.385186386108398438e+01
3.386164093017578125e+01
3.387142944335937500e+01
