6.705536037543424754e-08
6.556523999279306736e-07
9.536761353956535459e-07
1.588754653930664062e+00
3.462064266204833984e+00
5.056931018829345703e+00
6.448500156402587891e+00
7.818777084350585938e+00
1.842769622802734375e+01
2.515398597717285156e+01
3.134413528442382812e+01
3.697962951660156250e+01
4.208932876586914062e+01
4.671310424804687500e+01
5.099691772460937500e+01
5.486318969726562500e+01
5.836986160278320312e+01
6.154870223999023438e+01
6.442211914062500000e+01
6.701874542236328125e+01
6.996765899658203125e+01
7.266886901855468750e+01
7.524646759033203125e+01
7.767311859130859375e+01
7.993716430664062500e+01
8.203817749023437500e+01
8.397500610351562500e+01
8.575237274169921875e+01
8.841715240478515625e+01
9.093308258056640625e+01
9.348030090332031250e+01
9.598361206054687500e+01
9.839416503906250000e+01
1.006819229125976562e+02
1.028304595947265625e+02
1.048344039916992188e+02
1.066899261474609375e+02
1.084001312255859375e+02
1.099700241088867188e+02
1.114083557128906250e+02
1.127211303710937500e+02
1.139177703857421875e+02
1.150058822631835938e+02
1.159939575195312500e+02
1.168897399902343750e+02
1.177006301879882812e+02
1.184339447021484375e+02
1.190968475341796875e+02
1.196951599121093750e+02
1.202341461181640625e+02
1.207205734252929688e+02
1.211587066650390625e+02
1.215527648925781250e+02
1.219071807861328125e+02
1.222260589599609375e+02
1.225123596191406250e+02
1.227693710327148438e+02
1.229999542236328125e+02
1.232065200805664062e+02
1.233917694091796875e+02
1.235571823120117188e+02
1.237443923950195312e+02
1.239172744750976562e+02
1.240840530395507812e+02
1.242426147460937500e+02
1.243920898437500000e+02
1.245324172973632812e+02
1.246624298095703125e+02
1.247822875976562500e+02
1.248926162719726562e+02
1.249933700561523438e+02
1.250851821899414062e+02
1.251685714721679688e+02
1.252437286376953125e+02
1.253113098144531250e+02
1.253717269897460938e+02
1.254253082275390625e+02
1.254724349975585938e+02
1.255145950317382812e+02
1.255515518188476562e+02
1.255839691162109375e+02
1.256116027832031250e+02
1.256365432739257812e+02
1.256575851440429688e+02
1.256757049560546875e+02
1.256903381347656250e+02
1.257023239135742188e+02
1.257119064331054688e+02
1.257193145751953125e+02
1.257246856689453125e+02
1.257270431518554688e+02
1.257288818359375000e+02
1.257291030883789062e+02
1.257280960083007812e+02
1.257253570556640625e+02
1.257222213745117188e+02
1.257184371948242188e+02
1.257135467529296875e+02
1.257080383300781250e+02
1.257016067504882812e+02
1.256947937011718750e+02
1.256874618530273438e+02
1.256794586181640625e+02
1.256715927124023438e+02
1.256629943847656250e+02
1.256538696289062500e+02
1.256444931030273438e+02
1.256348953247070312e+02
1.256248245239257812e+02
1.256161651611328125e+02
1.256064987182617188e+02
1.255965347290039062e+02
1.255862350463867188e+02
1.255759277343750000e+02
1.255652847290039062e+02
1.255546188354492188e+02
1.255436553955078125e+02
1.255327301025390625e+02
1.255214233398437500e+02
1.255094146728515625e+02
1.254974136352539062e+02
1.254852523803710938e+02
1.254731979370117188e+02
1.254608917236328125e+02
1.254486618041992188e+02
1.254357681274414062e+02
1.254232940673828125e+02
1.254105377197265625e+02
1.253979110717773438e+02
1.253850631713867188e+02
1.253722991943359375e+02
1.253594894409179688e+02
1.253466262817382812e+02
1.253341064453125000e+02
1.253213348388671875e+02
1.253089752197265625e+02
1.252969055175781250e+02
1.252843399047851562e+02
1.252717514038085938e+02
1.252590866088867188e+02
1.252466888427734375e+02
1.252336349487304688e+02
1.252208633422851562e+02
1.252078781127929688e+02
1.251951446533203125e+02
1.251823806762695312e+02
1.251697082519531250e+02
1.251570816040039062e+02
1.251444015502929688e+02
1.251315612792968750e+02
1.251188964843750000e+02
1.251059417724609375e+02
1.250931243896484375e+02
1.250803527832031250e+02
1.250676727294921875e+02
1.250548019409179688e+02
1.250422058105468750e+02
1.250289535522460938e+02
1.250161743164062500e+02
1.250034942626953125e+02
1.249909057617187500e+02
1.249782333374023438e+02
1.249654693603515625e+02
1.249525146484375000e+02
1.249395599365234375e+02
1.249259338378906250e+02
1.249128341674804688e+02
1.248997192382812500e+02
1.248867263793945312e+02
1.248732376098632812e+02
1.248599929809570312e+02
1.248468475341796875e+02
1.248337402343750000e+02
1.248212051391601562e+02
1.248086090087890625e+02
1.247952880859375000e+02
1.247823715209960938e+02
1.247693862915039062e+02
1.247562255859375000e+02
1.247435302734375000e+02
1.247306900024414062e+02
1.247175140380859375e+02
1.247042922973632812e+02
1.246913299560546875e+02
1.246780776977539062e+02
1.246648330688476562e+02
1.246517028808593750e+02
1.246386795043945312e+02
1.246253204345703125e+02
1.246124267578125000e+02
1.245990676879882812e+02
1.245857467651367188e+02
1.245728073120117188e+02
1.245595703125000000e+02
1.245467453002929688e+02
1.245336685180664062e+02
1.245210113525390625e+02
1.245079193115234375e+02
1.244949493408203125e+02
1.244821548461914062e+02
1.244692459106445312e+02
1.244559326171875000e+02
1.244428482055664062e+02
1.244301605224609375e+02
1.244172515869140625e+02
1.244048004150390625e+02
1.243921279907226562e+02
1.243796005249023438e+02
1.243670196533203125e+02
1.243544921875000000e+02
1.243422393798828125e+02
1.243298416137695312e+02
1.243173217773437500e+02
1.243048934936523438e+02
1.242922821044921875e+02
1.242799148559570312e+02
1.242676086425781250e+02
1.242548980712890625e+02
1.242423171997070312e+02
1.242293777465820312e+02
1.242165069580078125e+02
1.242037963867187500e+02
1.241912612915039062e+02
1.241779785156250000e+02
1.241653289794921875e+02
1.241527404785156250e+02
1.241397476196289062e+02
1.241269378662109375e+02
1.241142883300781250e+02
1.241017684936523438e+02
1.240897064208984375e+02
1.240775222778320312e+02
1.240652694702148438e+02
1.240532455444335938e+02
1.240406951904296875e+02
1.240281906127929688e+02
1.240156784057617188e+02
1.240029220581054688e+02
1.239904403686523438e+02
1.239778213500976562e+02
1.239650344848632812e+02
1.239527435302734375e+02
1.239392776489257812e+02
1.239260864257812500e+02
1.239129638671875000e+02
1.238997421264648438e+02
1.238864364624023438e+02
1.238734817504882812e+02
1.238607406616210938e+02
1.238479080200195312e+02
1.238353729248046875e+02
1.238221664428710938e+02
1.238093109130859375e+02
1.237969207763671875e+02
1.237841110229492188e+02
1.237715301513671875e+02
1.237586669921875000e+02
1.237454910278320312e+02
1.237324523925781250e+02
1.237195739746093750e+02
1.237064666748046875e+02
1.236935424804687500e+02
1.236805343627929688e+02
1.236672668457031250e+02
1.236543273925781250e+02
1.236414184570312500e+02
1.236285476684570312e+02
1.236155090332031250e+02
1.236026306152343750e+02
1.235896835327148438e+02
1.235770645141601562e+02
1.235649871826171875e+02
1.235526351928710938e+02
1.235402450561523438e+02
1.235278701782226562e+02
1.235153961181640625e+02
1.235028991699218750e+02
1.234904708862304688e+02
1.234778289794921875e+02
1.234653930664062500e+02
1.234529113769531250e+02
1.234398727416992188e+02
1.234268798828125000e+02
1.234141387939453125e+02
1.234015731811523438e+02
1.233887176513671875e+02
1.233759841918945312e+02
1.233628540039062500e+02
1.233502502441406250e+02
1.233373260498046875e+02
1.233245010375976562e+02
1.233115921020507812e+02
1.232987289428710938e+02
1.232859420776367188e+02
1.232728424072265625e+02
1.232601242065429688e+02
1.232494964599609375e+02
1.232396163940429688e+02
1.232299041748046875e+02
1.232212371826171875e+02
1.232125778198242188e+02
1.232033538818359375e+02
1.231946029663085938e+02
1.231857376098632812e+02
1.231767501831054688e+02
1.231675262451171875e+02
1.231578140258789062e+02
1.231485519409179688e+02
1.231386871337890625e+02
1.231294174194335938e+02
1.231196441650390625e+02
1.231094284057617188e+02
1.230990447998046875e+02
1.230885162353515625e+02
1.230778427124023438e+02
1.230671081542968750e+02
1.230562133789062500e+02
1.230449447631835938e+02
1.230338516235351562e+02
1.230221786499023438e+02
1.230105743408203125e+02
1.229988021850585938e+02
1.229869613647460938e+02
1.229750213623046875e+02
1.229629135131835938e+02
1.229512176513671875e+02
1.229393844604492188e+02
1.229274444580078125e+02
1.229153671264648438e+02
1.229028778076171875e+02
1.228904190063476562e+02
1.228780822753906250e+02
1.228656311035156250e+02
1.228531646728515625e+02
1.228403472900390625e+02
1.228276977539062500e+02
1.228145065307617188e+02
1.228019027709960938e+02
1.227891006469726562e+02
1.227763290405273438e+02
1.227635498046875000e+02
1.227502593994140625e+02
1.227374725341796875e+02
1.227246170043945312e+02
1.227116851806640625e+02
1.226989288330078125e+02
1.226860504150390625e+02
1.226732864379882812e+02
1.226604461669921875e+02
1.226481628417968750e+02
1.226358032226562500e+02
1.226232986450195312e+02
1.226107025146484375e+02
1.225981521606445312e+02
1.225852203369140625e+02
1.225723495483398438e+02
1.225598831176757812e+02
1.225472869873046875e+02
1.225348281860351562e+02
1.225217590332031250e+02
1.225090942382812500e+02
1.224965667724609375e+02
1.224838485717773438e+02
1.224709472656250000e+02
1.224585723876953125e+02
1.224461822509765625e+02
1.224335479736328125e+02
1.224210891723632812e+02
1.224087753295898438e+02
1.223963470458984375e+02
1.223840789794921875e+02
1.223713455200195312e+02
1.223590011596679688e+02
1.223465576171875000e+02
1.223342971801757812e+02
1.223219757080078125e+02
1.223096160888671875e+02
1.222974472045898438e+02
1.222852401733398438e+02
1.222728958129882812e+02
1.222609481811523438e+02
1.222490768432617188e+02
1.222401962280273438e+02
1.222315597534179688e+02
1.222242813110351562e+02
1.222167282104492188e+02
1.222093887329101562e+02
1.222021942138671875e+02
1.221950759887695312e+02
1.221882247924804688e+02
1.221810684204101562e+02
1.221737442016601562e+02
1.221662445068359375e+02
1.221581878662109375e+02
1.221496353149414062e+02
1.221408233642578125e+02
1.221318817138671875e+02
1.221225280761718750e+02
1.221125183105468750e+02
1.221024856567382812e+02
1.220924682617187500e+02
1.220823211669921875e+02
1.220715713500976562e+02
1.220608215332031250e+02
1.220499725341796875e+02
1.220388717651367188e+02
1.220278778076171875e+02
1.220168457031250000e+02
1.220054016113281250e+02
1.219938964843750000e+02
1.219824142456054688e+02
1.219704818725585938e+02
1.219584579467773438e+02
1.219462509155273438e+02
1.219337921142578125e+02
1.219215240478515625e+02
1.219090728759765625e+02
1.218966064453125000e+02
1.218840560913085938e+02
1.218717346191406250e+02
1.218594131469726562e+02
1.218468627929687500e+02
1.218341598510742188e+02
1.218213729858398438e+02
1.218084259033203125e+02
1.217954406738281250e+02
1.217827606201171875e+02
1.217698898315429688e+02
1.217570800781250000e+02
1.217447052001953125e+02
1.217323760986328125e+02
1.217209701538085938e+02
1.217090835571289062e+02
1.216969223022460938e+02
1.216848220825195312e+02
1.216728897094726562e+02
1.216610412597656250e+02
1.216496963500976562e+02
1.216381149291992188e+02
1.216260910034179688e+02
1.216142425537109375e+02
1.216028671264648438e+02
1.215909423828125000e+02
1.215791778564453125e+02
1.215673446655273438e+02
1.215553283691406250e+02
1.215429992675781250e+02
1.215309066772460938e+02
1.215184097290039062e+02
1.215063781738281250e+02
1.214942703247070312e+02
1.214822463989257812e+02
1.214700317382812500e+02
1.214575195312500000e+02
1.214454574584960938e+02
1.214331283569335938e+02
1.214212417602539062e+02
1.214089736938476562e+02
1.213967590332031250e+02
1.213843383789062500e+02
1.213724060058593750e+02
1.213602066040039062e+02
1.213477783203125000e+02
1.213354339599609375e+02
1.213232116699218750e+02
1.213106689453125000e+02
1.212985153198242188e+02
1.212861862182617188e+02
1.212739944458007812e+02
1.212615509033203125e+02
1.212493438720703125e+02
1.212368011474609375e+02
1.212242279052734375e+02
1.212117385864257812e+02
1.211994857788085938e+02
1.211873550415039062e+02
1.211751861572265625e+02
1.211631698608398438e+02
1.211512451171875000e+02
1.211394958496093750e+02
1.211274490356445312e+02
1.211156997680664062e+02
1.211028366088867188e+02
1.210905227661132812e+02
1.210780334472656250e+02
1.210661163330078125e+02
1.210542755126953125e+02
1.210425872802734375e+02
1.210307083129882812e+02
1.210186920166015625e+02
1.210069503784179688e+02
1.209951171875000000e+02
1.209833526611328125e+02
1.209716720581054688e+02
1.209598541259765625e+02
1.209480361938476562e+02
1.209363708496093750e+02
1.209244613647460938e+02
1.209122085571289062e+02
1.208996734619140625e+02
1.208873825073242188e+02
1.208752212524414062e+02
1.208629074096679688e+02
1.208503189086914062e+02
1.208379135131835938e+02
1.208256149291992188e+02
1.208132019042968750e+02
1.208006439208984375e+02
1.207880783081054688e+02
1.207751998901367188e+02
1.207626495361328125e+02
1.207501144409179688e+02
1.207374114990234375e+02
1.207251586914062500e+02
1.207126922607421875e+02
1.207001953125000000e+02
1.206876449584960938e+02
1.206750717163085938e+02
1.206624679565429688e+02
1.206504364013671875e+02
1.206381072998046875e+02
1.206260910034179688e+02
1.206136550903320312e+02
1.206015625000000000e+02
1.205893402099609375e+02
1.205763168334960938e+02
1.205638122558593750e+02
1.205512619018554688e+02
1.205390396118164062e+02
1.205261688232421875e+02
1.205129928588867188e+02
1.205002136230468750e+02
1.204870452880859375e+02
1.204743423461914062e+02
1.204620056152343750e+02
1.204497375488281250e+02
1.204373550415039062e+02
1.204254531860351562e+02
1.204135665893554688e+02
1.204013519287109375e+02
1.203893737792968750e+02
1.203774490356445312e+02
1.203657608032226562e+02
1.203539352416992188e+02
1.203423919677734375e+02
1.203305664062500000e+02
1.203187637329101562e+02
1.203069534301757812e+02
1.202951126098632812e+02
1.202829513549804688e+02
1.202704696655273438e+02
1.202574691772460938e+02
1.202453536987304688e+02
1.202329177856445312e+02
1.202211837768554688e+02
1.202092056274414062e+02
1.201969528198242188e+02
1.201855239868164062e+02
1.201739196777343750e+02
1.201618957519531250e+02
1.201501235961914062e+02
1.201384658813476562e+02
1.201266403198242188e+02
1.201148910522460938e+02
1.201023712158203125e+02
1.200901489257812500e+02
1.200778198242187500e+02
1.200656051635742188e+02
1.200536270141601562e+02
1.200414886474609375e+02
1.200296478271484375e+02
1.200173568725585938e+02
1.200052032470703125e+02
1.199931945800781250e+02
1.199812393188476562e+02
1.199689178466796875e+02
1.199567108154296875e+02
1.199447479248046875e+02
1.199332122802734375e+02
1.199211883544921875e+02
1.199092788696289062e+02
1.198975067138671875e+02
1.198850250244140625e+02
1.198726501464843750e+02
1.198605270385742188e+02
1.198485031127929688e+02
1.198361053466796875e+02
1.198239517211914062e+02
1.198117752075195312e+02
1.197996902465820312e+02
1.197875366210937500e+02
1.197755126953125000e+02
1.197640151977539062e+02
1.197521057128906250e+02
1.197399291992187500e+02
1.197278900146484375e+02
1.197158508300781250e+02
1.197045059204101562e+02
1.196927108764648438e+02
1.196809387207031250e+02
1.196692276000976562e+02
1.196575012207031250e+02
1.196461410522460938e+02
1.196345672607421875e+02
1.196231842041015625e+02
1.196115875244140625e+02
1.195998001098632812e+02
1.195880966186523438e+02
1.195770492553710938e+02
1.195660095214843750e+02
1.195540924072265625e+02
1.195424652099609375e+02
1.195309143066406250e+02
1.195196075439453125e+02
1.195082473754882812e+02
1.194971542358398438e+02
1.194865570068359375e+02
1.194756469726562500e+02
1.194645996093750000e+02
1.194536819458007812e+02
1.194424057006835938e+02
1.194311599731445312e+02
1.194202880859375000e+02
1.194089279174804688e+02
1.193974380493164062e+02
1.193857955932617188e+02
1.193743896484375000e+02
1.193631973266601562e+02
1.193517684936523438e+02
1.193400726318359375e+02
1.193293609619140625e+02
1.193176040649414062e+02
1.193060150146484375e+02
1.192945709228515625e+02
1.192829666137695312e+02
1.192713623046875000e+02
1.192598571777343750e+02
1.192479248046875000e+02
1.192361755371093750e+02
1.192246398925781250e+02
1.192127914428710938e+02
1.192009963989257812e+02
1.191892318725585938e+02
1.191771697998046875e+02
1.191652984619140625e+02
1.191537475585937500e+02
1.191419982910156250e+02
1.191299438476562500e+02
1.191181640625000000e+02
1.191088562011718750e+02
1.190980529785156250e+02
1.190874099731445312e+02
1.190763244628906250e+02
1.190653686523437500e+02
1.190550613403320312e+02
1.190441284179687500e+02
1.190332412719726562e+02
1.190217819213867188e+02
1.190105209350585938e+02
1.189990463256835938e+02
1.189873352050781250e+02
1.189751968383789062e+02
1.189632873535156250e+02
1.189513320922851562e+02
1.189397506713867188e+02
1.189281845092773438e+02
1.189166870117187500e+02
1.189055709838867188e+02
1.188937911987304688e+02
1.188832168579101562e+02
1.188720092773437500e+02
1.188610458374023438e+02
1.188498687744140625e+02
1.188385848999023438e+02
1.188271560668945312e+02
1.188160552978515625e+02
1.188045730590820312e+02
1.187929077148437500e+02
1.187815322875976562e+02
1.187697296142578125e+02
1.187575225830078125e+02
1.187456130981445312e+02
1.187337265014648438e+02
1.187214202880859375e+02
1.187094879150390625e+02
1.186972885131835938e+02
1.186854629516601562e+02
1.186731567382812500e+02
1.186608657836914062e+02
1.186485137939453125e+02
1.186355514526367188e+02
1.186232299804687500e+02
1.186111907958984375e+02
1.185989608764648438e+02
1.185870361328125000e+02
1.185750732421875000e+02
1.185628890991210938e+02
1.185506134033203125e+02
1.185385818481445312e+02
1.185264205932617188e+02
1.185141677856445312e+02
1.185022277832031250e+02
1.184898986816406250e+02
1.184777603149414062e+02
1.184654312133789062e+02
1.184527359008789062e+02
1.184403839111328125e+02
1.184284133911132812e+02
1.184160842895507812e+02
1.184040603637695312e+02
1.183920822143554688e+02
1.183797988891601562e+02
1.183676071166992188e+02
1.183552093505859375e+02
1.183430709838867188e+02
1.183309097290039062e+02
1.183189468383789062e+02
1.183065414428710938e+02
1.182943801879882812e+02
1.182820587158203125e+02
1.182698287963867188e+02
1.182573547363281250e+02
1.182449569702148438e+02
1.182326202392578125e+02
1.182202224731445312e+02
1.182079925537109375e+02
1.181959152221679688e+02
1.181837234497070312e+02
1.181716842651367188e+02
1.181597061157226562e+02
1.181471557617187500e+02
1.181346130371093750e+02
1.181226043701171875e+02
1.181105194091796875e+02
1.180986480712890625e+02
1.180869827270507812e+02
1.180751724243164062e+02
1.180634613037109375e+02
1.180513229370117188e+02
1.180391311645507812e+02
1.180271224975585938e+02
1.180150833129882812e+02
1.180032653808593750e+02
1.179914703369140625e+02
1.179797286987304688e+02
1.179680633544921875e+02
1.179566040039062500e+02
1.179446487426757812e+02
1.179329071044921875e+02
1.179209060668945312e+02
1.179098892211914062e+02
1.178981857299804688e+02
1.178865280151367188e+02
1.178750381469726562e+02
1.178636016845703125e+02
1.178522262573242188e+02
1.178409423828125000e+02
1.178298645019531250e+02
1.178188247680664062e+02
1.178073806762695312e+02
1.177960128784179688e+02
1.177842178344726562e+02
1.177726135253906250e+02
1.177612075805664062e+02
1.177497787475585938e+02
1.177381286621093750e+02
1.177264251708984375e+02
1.177145080566406250e+02
1.177027053833007812e+02
1.176909408569335938e+02
1.176790466308593750e+02
1.176672515869140625e+02
1.176552352905273438e+02
1.176435394287109375e+02
1.176318664550781250e+02
1.176201705932617188e+02
1.176086196899414062e+02
1.175971374511718750e+02
1.175852661132812500e+02
1.175736007690429688e+02
1.175622406005859375e+02
1.175511627197265625e+02
1.175397186279296875e+02
1.175293807983398438e+02
1.175183563232421875e+02
1.175075759887695312e+02
1.174968795776367188e+02
1.174858169555664062e+02
1.174749145507812500e+02
1.174636764526367188e+02
1.174525070190429688e+02
1.174411468505859375e+02
1.174298706054687500e+02
1.174189453125000000e+02
1.174077224731445312e+02
1.173962631225585938e+02
1.173850784301757812e+02
1.173736953735351562e+02
1.173618469238281250e+02
1.173504714965820312e+02
1.173390197753906250e+02
1.173276138305664062e+02
1.173163070678710938e+02
1.173044738769531250e+02
1.172928161621093750e+02
1.172809219360351562e+02
1.172702255249023438e+02
1.172594757080078125e+02
1.172486572265625000e+02
1.172376632690429688e+02
1.172267379760742188e+02
1.172155151367187500e+02
1.172056961059570312e+02
1.171947555541992188e+02
1.171840820312500000e+02
1.171730804443359375e+02
1.171619186401367188e+02
1.171507034301757812e+02
1.171392974853515625e+02
1.171278991699218750e+02
1.171165008544921875e+02
1.171053314208984375e+02
1.170936889648437500e+02
1.170824890136718750e+02
1.170709762573242188e+02
1.170594100952148438e+02
1.170479507446289062e+02
1.170364685058593750e+02
1.170253372192382812e+02
1.170139541625976562e+02
1.170025558471679688e+02
1.169911193847656250e+02
1.169795303344726562e+02
1.169682312011718750e+02
1.169567108154296875e+02
1.169450912475585938e+02
1.169336318969726562e+02
1.169220123291015625e+02
1.169105377197265625e+02
1.168988876342773438e+02
1.168871841430664062e+02
1.168755798339843750e+02
1.168639907836914062e+02
1.168519897460937500e+02
1.168401260375976562e+02
1.168283233642578125e+02
1.168168411254882812e+02
1.168054046630859375e+02
1.167939300537109375e+02
1.167822418212890625e+02
1.167705230712890625e+02
1.167589721679687500e+02
1.167476425170898438e+02
1.167359390258789062e+02
1.167241516113281250e+02
1.167122726440429688e+02
1.167005462646484375e+02
1.166883544921875000e+02
1.166766891479492188e+02
1.166650238037109375e+02
1.166532669067382812e+02
1.166411895751953125e+02
1.166292266845703125e+02
1.166173782348632812e+02
1.166056442260742188e+02
1.165939178466796875e+02
1.165816650390625000e+02
1.165697860717773438e+02
1.165582275390625000e+02
1.165463714599609375e+02
1.165341873168945312e+02
1.165222320556640625e+02
1.165104827880859375e+02
1.164986648559570312e+02
1.164870300292968750e+02
1.164753875732421875e+02
1.164639053344726562e+02
1.164520874023437500e+02
1.164408187866210938e+02
1.164294967651367188e+02
1.164179534912109375e+02
1.164063110351562500e+02
1.163948135375976562e+02
1.163832092285156250e+02
1.163713226318359375e+02
1.163591003417968750e+02
1.163474197387695312e+02
1.163354492187500000e+02
1.163237686157226562e+02
1.163117828369140625e+02
1.163006362915039062e+02
1.162899475097656250e+02
1.162790222167968750e+02
1.162687072753906250e+02
1.162583694458007812e+02
1.162482452392578125e+02
1.162382354736328125e+02
1.162278594970703125e+02
1.162175827026367188e+02
1.162069778442382812e+02
1.161963424682617188e+02
1.161854858398437500e+02
1.161748199462890625e+02
1.161642227172851562e+02
1.161527023315429688e+02
1.161416397094726562e+02
1.161306915283203125e+02
1.161193923950195312e+02
1.161084518432617188e+02
1.160975952148437500e+02
1.160863494873046875e+02
1.160789184570312500e+02
1.160719223022460938e+02
1.160655441284179688e+02
1.160595474243164062e+02
1.160543670654296875e+02
1.160495300292968750e+02
1.160445709228515625e+02
1.160395126342773438e+02
1.160341644287109375e+02
1.160287857055664062e+02
1.160228729248046875e+02
1.160166168212890625e+02
1.160099639892578125e+02
1.160031127929687500e+02
1.159961471557617188e+02
1.159888000488281250e+02
1.159812927246093750e+02
1.159736480712890625e+02
1.159655609130859375e+02
1.159573516845703125e+02
1.159489898681640625e+02
1.159402008056640625e+02
1.159311218261718750e+02
1.159218597412109375e+02
1.159121170043945312e+02
1.159026031494140625e+02
1.158926086425781250e+02
1.158825225830078125e+02
1.158724136352539062e+02
1.158623962402343750e+02
1.158522033691406250e+02
1.158420028686523438e+02
1.158312835693359375e+02
1.158209304809570312e+02
1.158103103637695312e+02
1.157996902465820312e+02
1.157885894775390625e+02
1.157777404785156250e+02
1.157667770385742188e+02
1.157557754516601562e+02
1.157447128295898438e+02
1.157339019775390625e+02
1.157223052978515625e+02
1.157112121582031250e+02
1.156998519897460938e+02
1.156883697509765625e+02
1.156770401000976562e+02
1.156656341552734375e+02
1.156542510986328125e+02
1.156426696777343750e+02
1.156319351196289062e+02
1.156227340698242188e+02
1.156122665405273438e+02
1.156022186279296875e+02
1.155918502807617188e+02
1.155818634033203125e+02
1.155713272094726562e+02
1.155606842041015625e+02
1.155498733520507812e+02
1.155389404296875000e+02
1.155283050537109375e+02
1.155180358886718750e+02
1.155067672729492188e+02
1.154959106445312500e+02
1.154851455688476562e+02
1.154742736816406250e+02
1.154628829956054688e+02
1.154516830444335938e+02
1.154404296875000000e+02
1.154291152954101562e+02
1.154176330566406250e+02
1.154067382812500000e+02
1.153956069946289062e+02
1.153845062255859375e+02
1.153735046386718750e+02
1.153627548217773438e+02
1.153516693115234375e+02
1.153404693603515625e+02
1.153284530639648438e+02
1.153167419433593750e+02
1.153049850463867188e+02
1.152931289672851562e+02
1.152813720703125000e+02
1.152697143554687500e+02
1.152575759887695312e+02
1.152454147338867188e+02
1.152335205078125000e+02
1.152213745117187500e+02
1.152093811035156250e+02
