5.564450000000000000e+04
-1.675064062500000000e+04
-2.577119921875000000e+04
-3.187581250000000000e+04
-3.640625781250000000e+04
-3.994801562500000000e+04
-4.281212109375000000e+04
-4.518430468750000000e+04
-4.718455468750000000e+04
-4.889494140625000000e+04
-5.037407812500000000e+04
-5.166526562500000000e+04
-5.280138281250000000e+04
-5.380796484375000000e+04
-5.470522656250000000e+04
-5.550940625000000000e+04
-5.623373437500000000e+04
-5.688912890625000000e+04
-5.748467187500000000e+04
-5.802799218750000000e+04
-5.852555468750000000e+04
-5.898287109375000000e+04
-5.940465234375000000e+04
-5.979496875000000000e+04
-6.015735156250000000e+04
-6.049484765625000000e+04
-6.081014453125000000e+04
-6.110559375000000000e+04
-6.138323437500000000e+04
-6.164489453125000000e+04
-6.189216015625000000e+04
-6.212646875000000000e+04
-6.234905468750000000e+04
-6.256105468750000000e+04
-6.276343750000000000e+04
-6.295711718750000000e+04
-6.314286328125000000e+04
-6.332139453125000000e+04
-6.349334375000000000e+04
-6.365928125000000000e+04
-6.381969140625000000e+04
-6.397506250000000000e+04
-6.412579296875000000e+04
-6.427224218750000000e+04
-6.441475781250000000e+04
-6.455363281250000000e+04
-6.468914062500000000e+04
-6.482152343750000000e+04
-6.495100000000000000e+04
-6.507777734375000000e+04
-6.520203515625000000e+04
-6.532393750000000000e+04
-6.544362109375000000e+04
-6.556123437500000000e+04
-6.567689843750000000e+04
-6.579073437500000000e+04
-6.590282812500000000e+04
-6.601328125000000000e+04
-6.612217187500000000e+04
-6.622958593750000000e+04
-6.633559375000000000e+04
-6.644025781250000000e+04
-6.654364062500000000e+04
-6.664579687500000000e+04
-6.674676562500000000e+04
-6.684661718750000000e+04
-6.694537500000000000e+04
-6.704307812500000000e+04
-6.713978125000000000e+04
-6.723550781250000000e+04
-6.733028125000000000e+04
-6.742414062500000000e+04
-6.751711718750000000e+04
-6.760923437500000000e+04
-6.770050781250000000e+04
-6.779096875000000000e+04
-6.788064062500000000e+04
-6.796953125000000000e+04
-6.805767187500000000e+04
-6.814507812500000000e+04
-6.823175000000000000e+04
-6.831773437500000000e+04
-6.840303125000000000e+04
-6.848763281250000000e+04
-6.857159375000000000e+04
-6.865489843750000000e+04
-6.873756250000000000e+04
-6.881960937500000000e+04
-6.890104687500000000e+04
-6.898187500000000000e+04
-6.906211718750000000e+04
-6.914178125000000000e+04
-6.922085937500000000e+04
-6.929939062500000000e+04
-6.937736718750000000e+04
-6.945479687500000000e+04
-6.953169531250000000e+04
-6.960806250000000000e+04
-6.968390625000000000e+04
-6.975924218750000000e+04
-6.983407812500000000e+04
-6.990840625000000000e+04
-6.998225000000000000e+04
-7.005560937500000000e+04
-7.012849218750000000e+04
-7.020090625000000000e+04
-7.027286718750000000e+04
-7.034435937500000000e+04
-7.041539062500000000e+04
-7.048600000000000000e+04
-7.055614843750000000e+04
-7.062587500000000000e+04
-7.069517187500000000e+04
-7.076404687500000000e+04
-7.083250000000000000e+04
-7.090054687500000000e+04
-7.096817187500000000e+04
-7.103540625000000000e+04
-7.110223437500000000e+04
-7.116867968750000000e+04
-7.123473437500000000e+04
-7.130039843750000000e+04
-7.136568750000000000e+04
-7.143059375000000000e+04
-7.149514843750000000e+04
-7.155932031250000000e+04
-7.162314062500000000e+04
-7.168659375000000000e+04
-7.174970312500000000e+04
-7.181243750000000000e+04
-7.187485156250000000e+04
-7.193691406250000000e+04
-7.199864062500000000e+04
-7.206003125000000000e+04
-7.212109375000000000e+04
-7.218182812500000000e+04
-7.224223437500000000e+04
-7.230231250000000000e+04
-7.236207812500000000e+04
-7.242153125000000000e+04
-7.248067968750000000e+04
-7.253951562500000000e+04
-7.259804687500000000e+04
-7.265628125000000000e+04
-7.271420312500000000e+04
-7.277184375000000000e+04
-7.282918750000000000e+04
-7.288624218750000000e+04
-7.294301562500000000e+04
-7.299949218750000000e+04
-7.305570312500000000e+04
-7.311162500000000000e+04
-7.316728125000000000e+04
-7.322266406250000000e+04
-7.327776562500000000e+04
-7.333260937500000000e+04
-7.338718750000000000e+04
-7.344150000000000000e+04
-7.349554687500000000e+04
-7.354934375000000000e+04
-7.360289062500000000e+04
-7.365617968750000000e+04
-7.370921875000000000e+04
-7.376201562500000000e+04
-7.381456250000000000e+04
-7.386685937500000000e+04
-7.391892187500000000e+04
-7.397074218750000000e+04
-7.402232812500000000e+04
-7.407367968750000000e+04
-7.412480468750000000e+04
-7.417568750000000000e+04
-7.422634375000000000e+04
-7.427678125000000000e+04
-7.432699218750000000e+04
-7.437698437500000000e+04
-7.442674218750000000e+04
-7.447628906250000000e+04
-7.452562500000000000e+04
-7.457473437500000000e+04
-7.462364062500000000e+04
-7.467232812500000000e+04
-7.472081250000000000e+04
-7.476909375000000000e+04
-7.481715625000000000e+04
-7.486501562500000000e+04
-7.491268750000000000e+04
-7.496014843750000000e+04
-7.500741406250000000e+04
-7.505446875000000000e+04
-7.510134375000000000e+04
-7.514801562500000000e+04
-7.519450000000000000e+04
-7.524079687500000000e+04
-7.528689843750000000e+04
-7.533281250000000000e+04
-7.537853906250000000e+04
-7.542407812500000000e+04
-7.546943750000000000e+04
-7.551461718750000000e+04
-7.555960937500000000e+04
-7.560443750000000000e+04
-7.564906250000000000e+04
-7.569353906250000000e+04
-7.573782812500000000e+04
-7.578193750000000000e+04
-7.582587500000000000e+04
-7.586965625000000000e+04
-7.591325000000000000e+04
-7.595667968750000000e+04
-7.599995312500000000e+04
-7.604304687500000000e+04
-7.608597656250000000e+04
-7.612875000000000000e+04
-7.617135937500000000e+04
-7.621381250000000000e+04
-7.625610156250000000e+04
-7.629821875000000000e+04
-7.634019531250000000e+04
-7.638201562500000000e+04
-7.642367187500000000e+04
-7.646517187500000000e+04
-7.650653125000000000e+04
-7.654773437500000000e+04
-7.658878125000000000e+04
-7.662968750000000000e+04
-7.667043750000000000e+04
-7.671104687500000000e+04
-7.675150000000000000e+04
-7.679181250000000000e+04
-7.683198437500000000e+04
-7.687200000000000000e+04
-7.691188281250000000e+04
-7.695162500000000000e+04
-7.699121875000000000e+04
-7.703068750000000000e+04
-7.707000000000000000e+04
-7.710918750000000000e+04
-7.714825000000000000e+04
-7.718715625000000000e+04
-7.722593750000000000e+04
-7.726457812500000000e+04
-7.730308593750000000e+04
-7.734146875000000000e+04
-7.737971875000000000e+04
-7.741782812500000000e+04
-7.745581250000000000e+04
-7.749367187500000000e+04
-7.753140625000000000e+04
-7.756901562500000000e+04
-7.760648437500000000e+04
-7.764383593750000000e+04
-7.768106250000000000e+04
-7.771817187500000000e+04
-7.775515625000000000e+04
-7.779201562500000000e+04
-7.782875000000000000e+04
-7.786537500000000000e+04
-7.790186718750000000e+04
-7.793825000000000000e+04
-7.797450781250000000e+04
-7.801065625000000000e+04
-7.804667187500000000e+04
-7.808257812500000000e+04
-7.811839062500000000e+04
-7.815406250000000000e+04
-7.818964062500000000e+04
-7.822508593750000000e+04
-7.826042187500000000e+04
-7.829565625000000000e+04
-7.833076562500000000e+04
-7.836578125000000000e+04
-7.840067968750000000e+04
-7.843546875000000000e+04
-7.847014843750000000e+04
-7.850473437500000000e+04
-7.853919531250000000e+04
-7.857354687500000000e+04
-7.860779687500000000e+04
-7.864195312500000000e+04
-7.867600000000000000e+04
-7.870993750000000000e+04
-7.874378125000000000e+04
-7.877751562500000000e+04
-7.881114062500000000e+04
-7.884467187500000000e+04
-7.887810156250000000e+04
-7.891143750000000000e+04
-7.894467187500000000e+04
-7.897779687500000000e+04
-7.901082812500000000e+04
-7.904376562500000000e+04
-7.907660937500000000e+04
-7.910934375000000000e+04
-7.914198437500000000e+04
-7.917453125000000000e+04
-7.920698437500000000e+04
-7.923935156250000000e+04
-7.927160937500000000e+04
-7.930378125000000000e+04
-7.933585937500000000e+04
-7.936784375000000000e+04
-7.939973437500000000e+04
-7.943153906250000000e+04
-7.946325000000000000e+04
-7.949487500000000000e+04
-7.952639062500000000e+04
-7.955784375000000000e+04
-7.958920312500000000e+04
-7.962045312500000000e+04
-7.965163281250000000e+04
-7.968271875000000000e+04
-7.971371875000000000e+04
-7.974464062500000000e+04
-7.977546875000000000e+04
-7.980620312500000000e+04
-7.983685937500000000e+04
-7.986742187500000000e+04
-7.989792187500000000e+04
-7.992832812500000000e+04
-7.995864062500000000e+04
-7.998889062500000000e+04
-8.001903906250000000e+04
-8.004910937500000000e+04
-8.007910937500000000e+04
-8.010901562500000000e+04
-8.013883593750000000e+04
-8.016859375000000000e+04
-8.019826562500000000e+04
-8.022784375000000000e+04
-8.025735937500000000e+04
-8.028678906250000000e+04
-8.031614062500000000e+04
-8.034541406250000000e+04
-8.037460937500000000e+04
-8.040373437500000000e+04
-8.043278125000000000e+04
-8.046174218750000000e+04
-8.049064062500000000e+04
-8.051945312500000000e+04
-8.054819531250000000e+04
-8.057685937500000000e+04
-8.060545312500000000e+04
-8.063396093750000000e+04
-8.066240625000000000e+04
-8.069078125000000000e+04
-8.071907812500000000e+04
-8.074730468750000000e+04
-8.077545312500000000e+04
-8.080353125000000000e+04
-8.083154687500000000e+04
-8.085948437500000000e+04
-8.088735937500000000e+04
-8.091514843750000000e+04
-8.094287500000000000e+04
-8.097053125000000000e+04
-8.099812500000000000e+04
-8.102564062500000000e+04
-8.105309375000000000e+04
-8.108046875000000000e+04
-8.110777343750000000e+04
-8.113501562500000000e+04
-8.116220312500000000e+04
-8.118931250000000000e+04
-8.121635156250000000e+04
-8.124332812500000000e+04
-8.127025000000000000e+04
-8.129708593750000000e+04
-8.132386718750000000e+04
-8.135057812500000000e+04
-8.137723437500000000e+04
-8.140381250000000000e+04
-8.143032812500000000e+04
-8.145678125000000000e+04
-8.148318750000000000e+04
-8.150951562500000000e+04
-8.153576562500000000e+04
-8.156197656250000000e+04
-8.158810937500000000e+04
-8.161419531250000000e+04
-8.164020312500000000e+04
-8.166616406250000000e+04
-8.169206250000000000e+04
-8.171789062500000000e+04
-8.174365625000000000e+04
-8.176937500000000000e+04
-8.179501562500000000e+04
-8.182060937500000000e+04
-8.184614062500000000e+04
-8.187160937500000000e+04
-8.189701562500000000e+04
-8.192236718750000000e+04
-8.194766406250000000e+04
-8.197289062500000000e+04
-8.199807812500000000e+04
-8.202318750000000000e+04
-8.204825000000000000e+04
-8.207325000000000000e+04
-8.209818750000000000e+04
-8.212307812500000000e+04
-8.214792187500000000e+04
-8.217268750000000000e+04
-8.219740625000000000e+04
-8.222207812500000000e+04
-8.224668750000000000e+04
-8.227123437500000000e+04
-8.229573437500000000e+04
-8.232017187500000000e+04
-8.234456250000000000e+04
-8.236889843750000000e+04
-8.239317187500000000e+04
-8.241739843750000000e+04
-8.244156250000000000e+04
-8.246568750000000000e+04
-8.248975000000000000e+04
-8.251375000000000000e+04
-8.253771875000000000e+04
-8.256162500000000000e+04
-8.258546875000000000e+04
-8.260927343750000000e+04
-8.263301562500000000e+04
-8.265671875000000000e+04
-8.268035937500000000e+04
-8.270395312500000000e+04
-8.272750000000000000e+04
-8.275098437500000000e+04
-8.277442187500000000e+04
-8.279781250000000000e+04
-8.282115625000000000e+04
-8.284443750000000000e+04
-8.286768750000000000e+04
-8.289087500000000000e+04
-8.291401562500000000e+04
-8.293710937500000000e+04
-8.296014062500000000e+04
-8.298314062500000000e+04
-8.300608593750000000e+04
-8.302896875000000000e+04
-8.305182812500000000e+04
-8.307461718750000000e+04
-8.309737500000000000e+04
-8.312007812500000000e+04
-8.314273437500000000e+04
-8.316534375000000000e+04
-8.318790625000000000e+04
-8.321041406250000000e+04
-8.323289062500000000e+04
-8.325530468750000000e+04
-8.327767187500000000e+04
-8.330000000000000000e+04
-8.332228125000000000e+04
-8.334453125000000000e+04
-8.336670312500000000e+04
-8.338885937500000000e+04
-8.341095312500000000e+04
-8.343301562500000000e+04
-8.345502343750000000e+04
-8.347698437500000000e+04
-8.349890625000000000e+04
-8.352078125000000000e+04
-8.354260937500000000e+04
-8.356440625000000000e+04
-8.358614062500000000e+04
-8.360784375000000000e+04
-8.362950000000000000e+04
-8.365110937500000000e+04
-8.367267968750000000e+04
-8.369420312500000000e+04
-8.371568750000000000e+04
-8.373712500000000000e+04
-8.375853125000000000e+04
-8.377987500000000000e+04
-8.380118750000000000e+04
-8.382246093750000000e+04
-8.384368750000000000e+04
-8.386487500000000000e+04
-8.388601562500000000e+04
-8.390712500000000000e+04
-8.392817968750000000e+04
-8.394920312500000000e+04
-8.397017968750000000e+04
-8.399112500000000000e+04
-8.401201562500000000e+04
-8.403287500000000000e+04
-8.405369531250000000e+04
-8.407446875000000000e+04
-8.409520312500000000e+04
-8.411590625000000000e+04
-8.413656250000000000e+04
-8.415717187500000000e+04
-8.417775000000000000e+04
-8.419829687500000000e+04
-8.421879687500000000e+04
-8.423925000000000000e+04
-8.425967187500000000e+04
-8.428004687500000000e+04
-8.430039062500000000e+04
-8.432070312500000000e+04
-8.434096875000000000e+04
-8.436119531250000000e+04
-8.438139062500000000e+04
-8.440153125000000000e+04
-8.442165625000000000e+04
-8.444171875000000000e+04
-8.446176562500000000e+04
-8.448176562500000000e+04
-8.450173437500000000e+04
-8.452165625000000000e+04
-8.454154687500000000e+04
-8.456139062500000000e+04
-8.458120312500000000e+04
-8.460099218750000000e+04
-8.462073437500000000e+04
-8.464043750000000000e+04
-8.466010156250000000e+04
-8.467973437500000000e+04
-8.469932812500000000e+04
-8.471889062500000000e+04
-8.473842187500000000e+04
-8.475790625000000000e+04
-8.477735937500000000e+04
-8.479678125000000000e+04
-8.481616406250000000e+04
-8.483551562500000000e+04
-8.485482812500000000e+04
-8.487410156250000000e+04
-8.489335156250000000e+04
-8.491256250000000000e+04
-8.493173437500000000e+04
-8.495087500000000000e+04
-8.496996875000000000e+04
-8.498904687500000000e+04
-8.500807812500000000e+04
-8.502707812500000000e+04
-8.504605468750000000e+04
-8.506498437500000000e+04
-8.508389062500000000e+04
-8.510275781250000000e+04
-8.512158593750000000e+04
-8.514039843750000000e+04
-8.515915625000000000e+04
-8.517789062500000000e+04
-8.519659375000000000e+04
-8.521526562500000000e+04
-8.523389062500000000e+04
-8.525250000000000000e+04
-8.527107812500000000e+04
-8.528960937500000000e+04
-8.530811718750000000e+04
-8.532659375000000000e+04
-8.534503125000000000e+04
-8.536343750000000000e+04
-8.538181250000000000e+04
-8.540016406250000000e+04
-8.541848437500000000e+04
-8.543675781250000000e+04
-8.545500781250000000e+04
-8.547321875000000000e+04
-8.549141406250000000e+04
-8.550957812500000000e+04
-8.552770312500000000e+04
-8.554578906250000000e+04
-8.556385156250000000e+04
-8.558189062500000000e+04
-8.559989062500000000e+04
-8.561786718750000000e+04
-8.563581250000000000e+04
-8.565371093750000000e+04
-8.567159375000000000e+04
-8.568945312500000000e+04
-8.570726562500000000e+04
-8.572506250000000000e+04
-8.574281250000000000e+04
-8.576054687500000000e+04
-8.577825000000000000e+04
-8.579592187500000000e+04
-8.581356250000000000e+04
-8.583117187500000000e+04
-8.584875781250000000e+04
-8.586631250000000000e+04
-8.588383593750000000e+04
-8.590132812500000000e+04
-8.591879687500000000e+04
-8.593622656250000000e+04
-8.595364062500000000e+04
-8.597101562500000000e+04
-8.598837500000000000e+04
-8.600568750000000000e+04
-8.602298437500000000e+04
-8.604025000000000000e+04
-8.605749218750000000e+04
-8.607470312500000000e+04
-8.609187500000000000e+04
-8.610903125000000000e+04
-8.612616406250000000e+04
-8.614325000000000000e+04
-8.616032812500000000e+04
-8.617735937500000000e+04
-8.619437500000000000e+04
-8.621135937500000000e+04
-8.622831250000000000e+04
-8.624525000000000000e+04
-8.626215625000000000e+04
-8.627903125000000000e+04
-8.629589062500000000e+04
-8.631271093750000000e+04
-8.632950000000000000e+04
-8.634626562500000000e+04
-8.636301562500000000e+04
-8.637973437500000000e+04
-8.639642187500000000e+04
-8.641308593750000000e+04
-8.642971875000000000e+04
-8.644632812500000000e+04
-8.646291406250000000e+04
-8.647946875000000000e+04
-8.649600000000000000e+04
-8.651250781250000000e+04
-8.652898437500000000e+04
-8.654543750000000000e+04
-8.656185937500000000e+04
-8.657827343750000000e+04
-8.659464062500000000e+04
-8.661100000000000000e+04
-8.662731250000000000e+04
-8.664360937500000000e+04
-8.665989062500000000e+04
-8.667614062500000000e+04
-8.669236718750000000e+04
-8.670856250000000000e+04
-8.672473437500000000e+04
-8.674089062500000000e+04
-8.675700000000000000e+04
-8.677310937500000000e+04
-8.678918750000000000e+04
-8.680523437500000000e+04
-8.682125000000000000e+04
-8.683725000000000000e+04
-8.685321875000000000e+04
-8.686917968750000000e+04
-8.688510937500000000e+04
-8.690100781250000000e+04
-8.691688281250000000e+04
-8.693273437500000000e+04
-8.694856250000000000e+04
-8.696436718750000000e+04
-8.698015625000000000e+04
-8.699590625000000000e+04
-8.701164062500000000e+04
-8.702735937500000000e+04
-8.704304687500000000e+04
-8.705870312500000000e+04
-8.707434375000000000e+04
-8.708995312500000000e+04
-8.710554687500000000e+04
-8.712110937500000000e+04
-8.713665625000000000e+04
-8.715218750000000000e+04
-8.716768750000000000e+04
-8.718315625000000000e+04
-8.719860937500000000e+04
-8.721403906250000000e+04
-8.722945312500000000e+04
-8.724482812500000000e+04
-8.726018750000000000e+04
-8.727553125000000000e+04
-8.729084375000000000e+04
-8.730614062500000000e+04
-8.732140625000000000e+04
-8.733665625000000000e+04
-8.735187500000000000e+04
-8.736707812500000000e+04
-8.738226562500000000e+04
-8.739742187500000000e+04
-8.741256250000000000e+04
-8.742767968750000000e+04
-8.744276562500000000e+04
-8.745784375000000000e+04
-8.747289062500000000e+04
-8.748792187500000000e+04
-8.750292187500000000e+04
-8.751790625000000000e+04
-8.753286718750000000e+04
-8.754780468750000000e+04
-8.756273437500000000e+04
-8.757762500000000000e+04
-8.759250000000000000e+04
-8.760735156250000000e+04
-8.762218750000000000e+04
-8.763700000000000000e+04
-8.765178906250000000e+04
-8.766655468750000000e+04
-8.768130468750000000e+04
-8.769603906250000000e+04
-8.771073437500000000e+04
-8.772542187500000000e+04
-8.774008593750000000e+04
-8.775472656250000000e+04
-8.776935937500000000e+04
-8.778395312500000000e+04
-8.779853125000000000e+04
-8.781309375000000000e+04
-8.782763281250000000e+04
-8.784215625000000000e+04
-8.785664843750000000e+04
-8.787113281250000000e+04
-8.788559375000000000e+04
-8.790003125000000000e+04
-8.791445312500000000e+04
-8.792884375000000000e+04
-8.794321875000000000e+04
-8.795757812500000000e+04
-8.797192187500000000e+04
-8.798623437500000000e+04
-8.800053125000000000e+04
-8.801481250000000000e+04
-8.802906250000000000e+04
-8.804331250000000000e+04
-8.805751562500000000e+04
-8.807172656250000000e+04
-8.808590625000000000e+04
-8.810006250000000000e+04
-8.811419531250000000e+04
-8.812831250000000000e+04
-8.814242187500000000e+04
-8.815650000000000000e+04
-8.817056250000000000e+04
-8.818460937500000000e+04
-8.819862500000000000e+04
-8.821262500000000000e+04
-8.822662500000000000e+04
-8.824057812500000000e+04
-8.825453125000000000e+04
-8.826845312500000000e+04
-8.828237500000000000e+04
-8.829625781250000000e+04
-8.831013281250000000e+04
-8.832398437500000000e+04
-8.833782031250000000e+04
-8.835163281250000000e+04
-8.836543750000000000e+04
-8.837921093750000000e+04
-8.839296875000000000e+04
-8.840670312500000000e+04
-8.842043750000000000e+04
-8.843414062500000000e+04
-8.844782031250000000e+04
-8.846149218750000000e+04
-8.847514062500000000e+04
-8.848878125000000000e+04
-8.850239062500000000e+04
-8.851596875000000000e+04
-8.852955468750000000e+04
-8.854310937500000000e+04
-8.855665625000000000e+04
-8.857018750000000000e+04
-8.858368750000000000e+04
-8.859716406250000000e+04
-8.861064062500000000e+04
-8.862409375000000000e+04
-8.863751562500000000e+04
-8.865093750000000000e+04
-8.866434375000000000e+04
-8.867771093750000000e+04
-8.869107812500000000e+04
-8.870442187500000000e+04
-8.871775000000000000e+04
-8.873106250000000000e+04
-8.874435937500000000e+04
-8.875762500000000000e+04
-8.877089062500000000e+04
-8.878412500000000000e+04
-8.879735937500000000e+04
-8.881056250000000000e+04
-8.882375000000000000e+04
-8.883692187500000000e+04
-8.885007031250000000e+04
-8.886321875000000000e+04
-8.887634375000000000e+04
-8.888943750000000000e+04
-8.890253125000000000e+04
-8.891560156250000000e+04
-8.892865625000000000e+04
-8.894168750000000000e+04
-8.895470312500000000e+04
-8.896771093750000000e+04
-8.898070312500000000e+04
-8.899367187500000000e+04
-8.900661718750000000e+04
-8.901956250000000000e+04
-8.903248437500000000e+04
-8.904539062500000000e+04
-8.905826562500000000e+04
-8.907114062500000000e+04
-8.908398437500000000e+04
-8.909684375000000000e+04
-8.910965625000000000e+04
-8.912246875000000000e+04
-8.913525000000000000e+04
-8.914803125000000000e+04
-8.916078125000000000e+04
-8.917352343750000000e+04
-8.918625000000000000e+04
-8.919895312500000000e+04
-8.921164843750000000e+04
-8.922432031250000000e+04
-8.923698437500000000e+04
-8.924964062500000000e+04
-8.926226562500000000e+04
-8.927487500000000000e+04
-8.928746875000000000e+04
-8.930004687500000000e+04
-8.931261718750000000e+04
-8.932517187500000000e+04
-8.933770312500000000e+04
-8.935022656250000000e+04
-8.936273437500000000e+04
-8.937521875000000000e+04
-8.938769531250000000e+04
-8.940015625000000000e+04
-8.941259375000000000e+04
-8.942502343750000000e+04
-8.943743750000000000e+04
-8.944982812500000000e+04
-8.946220312500000000e+04
-8.947457812500000000e+04
-8.948692187500000000e+04
-8.949926562500000000e+04
-8.951157812500000000e+04
-8.952389062500000000e+04
-8.953617968750000000e+04
-8.954845312500000000e+04
-8.956070312500000000e+04
-8.957295312500000000e+04
-8.958518750000000000e+04
-8.959739843750000000e+04
-8.960960156250000000e+04
-8.962178125000000000e+04
-8.963396093750000000e+04
-8.964611718750000000e+04
-8.965825000000000000e+04
-8.967037500000000000e+04
-8.968250000000000000e+04
-8.969459375000000000e+04
-8.970667968750000000e+04
-8.971874218750000000e+04
-8.973079687500000000e+04
-8.974282812500000000e+04
-8.975485937500000000e+04
-8.976686718750000000e+04
-8.977887500000000000e+04
-8.979085156250000000e+04
-8.980281250000000000e+04
-8.981476562500000000e+04
-8.982671093750000000e+04
-8.983862500000000000e+04
-8.985054687500000000e+04
-8.986244531250000000e+04
-8.987432031250000000e+04
-8.988618750000000000e+04
-8.989804687500000000e+04
-8.990989062500000000e+04
-8.992170312500000000e+04
-8.993351562500000000e+04
-8.994532031250000000e+04
-8.995710156250000000e+04
-8.996887500000000000e+04
-8.998062500000000000e+04
-8.999236718750000000e+04
-9.000409375000000000e+04
-9.001581250000000000e+04
-9.002751562500000000e+04
-9.003920312500000000e+04
-9.005087500000000000e+04
-9.006253125000000000e+04
-9.007417968750000000e+04
-9.008581250000000000e+04
-9.009743750000000000e+04
-9.010903125000000000e+04
-9.012062500000000000e+04
-9.013220312500000000e+04
-9.014376562500000000e+04
-9.015532031250000000e+04
-9.016685937500000000e+04
-9.017839062500000000e+04
-9.018989062500000000e+04
-9.020139062500000000e+04
-9.021287500000000000e+04
-9.022434375000000000e+04
-9.023579687500000000e+04
-9.024725000000000000e+04
-9.025867968750000000e+04
-9.027009375000000000e+04
-9.028150000000000000e+04
-9.029289062500000000e+04
-9.030428125000000000e+04
-9.031564062500000000e+04
-9.032699218750000000e+04
-9.033833593750000000e+04
-9.034967187500000000e+04
-9.036096875000000000e+04
-9.037228125000000000e+04
-9.038356250000000000e+04
-9.039484375000000000e+04
-9.040610937500000000e+04
-9.041734375000000000e+04
-9.042858593750000000e+04
-9.043982031250000000e+04
-9.045103125000000000e+04
-9.046222656250000000e+04
-9.047340625000000000e+04
-9.048459375000000000e+04
-9.049574218750000000e+04
-9.050689062500000000e+04
-9.051803125000000000e+04
-9.052915625000000000e+04
-9.054026562500000000e+04
-9.055135937500000000e+04
-9.056245312500000000e+04
-9.057351562500000000e+04
-9.058457812500000000e+04
-9.059562500000000000e+04
-9.060667187500000000e+04
-9.061768750000000000e+04
-9.062871093750000000e+04
-9.063970312500000000e+04
-9.065068750000000000e+04
-9.066167187500000000e+04
-9.067262500000000000e+04
-9.068357812500000000e+04
-9.069451562500000000e+04
-9.070543750000000000e+04
-9.071635156250000000e+04
-9.072725000000000000e+04
-9.073814062500000000e+04
-9.074903125000000000e+04
-9.075989062500000000e+04
-9.077074218750000000e+04
-9.078159375000000000e+04
-9.079242187500000000e+04
-9.080323437500000000e+04
-9.081403906250000000e+04
-9.082483593750000000e+04
-9.083560937500000000e+04
-9.084639062500000000e+04
-9.085714062500000000e+04
-9.086789062500000000e+04
-9.087862500000000000e+04
-9.088935156250000000e+04
-9.090006250000000000e+04
-9.091076562500000000e+04
-9.092145312500000000e+04
-9.093212500000000000e+04
-9.094278906250000000e+04
-9.095345312500000000e+04
-9.096409375000000000e+04
-9.097471875000000000e+04
-9.098533593750000000e+04
-9.099595312500000000e+04
-9.100653906250000000e+04
-9.101712500000000000e+04
-9.102770312500000000e+04
-9.103825781250000000e+04
-9.104881250000000000e+04
-9.105935937500000000e+04
-9.106988281250000000e+04
-9.108040625000000000e+04
-9.109090625000000000e+04
-9.110139843750000000e+04
-9.111188281250000000e+04
-9.112234375000000000e+04
-9.113280468750000000e+04
-9.114325781250000000e+04
-9.115368750000000000e+04
-9.116411718750000000e+04
-9.117453906250000000e+04
-9.118493750000000000e+04
-9.119532812500000000e+04
-9.120571875000000000e+04
-9.121608593750000000e+04
-9.122644531250000000e+04
-9.123679687500000000e+04
-9.124713281250000000e+04
-9.125745312500000000e+04
-9.126776562500000000e+04
-9.127807812500000000e+04
-9.128837500000000000e+04
-9.129865625000000000e+04
-9.130893750000000000e+04
-9.131918750000000000e+04
-9.132945312500000000e+04
-9.133967968750000000e+04
-9.134992187500000000e+04
-9.136012500000000000e+04
-9.137034375000000000e+04
-9.138053125000000000e+04
-9.139071875000000000e+04
-9.140089062500000000e+04
-9.141106250000000000e+04
-9.142121875000000000e+04
-9.143136718750000000e+04
-9.144149218750000000e+04
-9.145161718750000000e+04
-9.146172656250000000e+04
-9.147182812500000000e+04
-9.148192187500000000e+04
-9.149200000000000000e+04
-9.150207031250000000e+04
-9.151212500000000000e+04
-9.152217968750000000e+04
-9.153221875000000000e+04
-9.154225000000000000e+04
-9.155226562500000000e+04
-9.156228125000000000e+04
-9.157226562500000000e+04
-9.158226562500000000e+04
-9.159223437500000000e+04
-9.160220312500000000e+04
-9.161215625000000000e+04
-9.162210156250000000e+04
-9.163204687500000000e+04
-9.164195312500000000e+04
-9.165189062500000000e+04
-9.166178906250000000e+04
-9.167168750000000000e+04
-9.168157031250000000e+04
-9.169144531250000000e+04
-9.170129687500000000e+04
-9.171116406250000000e+04
-9.172101562500000000e+04
-9.173084375000000000e+04
-9.174067187500000000e+04
-9.175048437500000000e+04
-9.176028906250000000e+04
-9.177007812500000000e+04
-9.177985937500000000e+04
-9.178964062500000000e+04
-9.179940625000000000e+04
-9.180915625000000000e+04
-9.181890625000000000e+04
-9.182864062500000000e+04
-9.183837500000000000e+04
-9.184809375000000000e+04
-9.185778906250000000e+04
-9.186749218750000000e+04
-9.187717968750000000e+04
-9.188685937500000000e+04
-9.189652343750000000e+04
-9.190618750000000000e+04
-9.191582812500000000e+04
-9.192545312500000000e+04
-9.193508593750000000e+04
-9.194471093750000000e+04
-9.195432812500000000e+04
-9.196392187500000000e+04
-9.197351562500000000e+04
-9.198309375000000000e+04
-9.199266406250000000e+04
-9.200222656250000000e+04
-9.201178125000000000e+04
-9.202132031250000000e+04
-9.203084375000000000e+04
-9.204037500000000000e+04
-9.204988281250000000e+04
-9.205939062500000000e+04
-9.206889062500000000e+04
-9.207837500000000000e+04
-9.208785937500000000e+04
-9.209732812500000000e+04
-9.210678125000000000e+04
-9.211623437500000000e+04
-9.212566406250000000e+04
-9.213509375000000000e+04
-9.214451562500000000e+04
-9.215392187500000000e+04
-9.216332812500000000e+04
-9.217271875000000000e+04
-9.218210937500000000e+04
-9.219147656250000000e+04
-9.220084375000000000e+04
-9.221020312500000000e+04
-9.221954687500000000e+04
-9.222889062500000000e+04
-9.223821093750000000e+04
-9.224753125000000000e+04
-9.225684375000000000e+04
-9.226614843750000000e+04
-9.227543750000000000e+04
-9.228471875000000000e+04
-9.229400000000000000e+04
-9.230326562500000000e+04
-9.231251562500000000e+04
-9.232177343750000000e+04
-9.233100000000000000e+04
-9.234023437500000000e+04
-9.234945312500000000e+04
-9.235866406250000000e+04
-9.236787500000000000e+04
-9.237706250000000000e+04
-9.238625000000000000e+04
-9.239541406250000000e+04
-9.240458593750000000e+04
-9.241375000000000000e+04
-9.242289062500000000e+04
-9.243203125000000000e+04
-9.244116406250000000e+04
-9.245028125000000000e+04
-9.245940625000000000e+04
-9.246851562500000000e+04
-9.247760937500000000e+04
-9.248669531250000000e+04
-9.249578125000000000e+04
-9.250485156250000000e+04
-9.251390625000000000e+04
-9.252296875000000000e+04
-9.253201562500000000e+04
-9.254104687500000000e+04
-9.255007031250000000e+04
-9.255909375000000000e+04
-9.256809375000000000e+04
-9.257710937500000000e+04
-9.258609375000000000e+04
-9.259508593750000000e+04
-9.260406250000000000e+04
-9.261303125000000000e+04
-9.262198437500000000e+04
-9.263094531250000000e+04
-9.263988281250000000e+04
-9.264882812500000000e+04
-9.265774218750000000e+04
-9.266666406250000000e+04
-9.267556250000000000e+04
-9.268446875000000000e+04
-9.269336718750000000e+04
-9.270225000000000000e+04
-9.271112500000000000e+04
-9.271999218750000000e+04
-9.272885937500000000e+04
-9.273770312500000000e+04
-9.274654687500000000e+04
-9.275537500000000000e+04
-9.276420312500000000e+04
-9.277302343750000000e+04
-9.278182812500000000e+04
-9.279062500000000000e+04
-9.279942187500000000e+04
-9.280821093750000000e+04
-9.281698437500000000e+04
-9.282575000000000000e+04
-9.283451562500000000e+04
-9.284326562500000000e+04
-9.285201562500000000e+04
-9.286075000000000000e+04
-9.286947656250000000e+04
-9.287820312500000000e+04
-9.288690625000000000e+04
-9.289561718750000000e+04
-9.290430468750000000e+04
-9.291300000000000000e+04
-9.292167187500000000e+04
-9.293034375000000000e+04
-9.293901562500000000e+04
-9.294765625000000000e+04
-9.295631250000000000e+04
-9.296495312500000000e+04
-9.297358593750000000e+04
-9.298220312500000000e+04
-9.299082812500000000e+04
-9.299943750000000000e+04
-9.300803906250000000e+04
-9.301662500000000000e+04
-9.302521875000000000e+04
-9.303378125000000000e+04
-9.304235937500000000e+04
-9.305090625000000000e+04
-9.305946875000000000e+04
-9.306801562500000000e+04
-9.307654687500000000e+04
-9.308508593750000000e+04
-9.309360937500000000e+04
-9.310212500000000000e+04
-9.311063281250000000e+04
-9.311912500000000000e+04
-9.312762500000000000e+04
-9.313609375000000000e+04
-9.314457812500000000e+04
-9.315304687500000000e+04
-9.316150000000000000e+04
-9.316996875000000000e+04
-9.317840625000000000e+04
-9.318684375000000000e+04
-9.319526562500000000e+04
-9.320370312500000000e+04
-9.321210937500000000e+04
-9.322051562500000000e+04
-9.322892187500000000e+04
-9.323731250000000000e+04
-9.324568750000000000e+04
-9.325406250000000000e+04
-9.326243750000000000e+04
-9.327081250000000000e+04
-9.327915625000000000e+04
-9.328750781250000000e+04
-9.329584375000000000e+04
-9.330417968750000000e+04
-9.331250000000000000e+04
-9.332081250000000000e+04
-9.332914062500000000e+04
-9.333743750000000000e+04
-9.334573437500000000e+04
-9.335401562500000000e+04
-9.336229687500000000e+04
-9.337056250000000000e+04
-9.337883593750000000e+04
-9.338709375000000000e+04
-9.339534375000000000e+04
-9.340357812500000000e+04
-9.341182031250000000e+04
-9.342005468750000000e+04
-9.342828125000000000e+04
-9.343648437500000000e+04
-9.344470312500000000e+04
-9.345290625000000000e+04
-9.346109375000000000e+04
-9.346928125000000000e+04
-9.347745312500000000e+04
-9.348562500000000000e+04
-9.349378906250000000e+04
-9.350195312500000000e+04
-9.351010937500000000e+04
-9.351823437500000000e+04
-9.352637500000000000e+04
-9.353450781250000000e+04
-9.354263281250000000e+04
-9.355074218750000000e+04
-9.355885156250000000e+04
-9.356695312500000000e+04
-9.357504687500000000e+04
-9.358312500000000000e+04
-9.359120312500000000e+04
-9.359928125000000000e+04
-9.360734375000000000e+04
-9.361539843750000000e+04
-9.362345312500000000e+04
-9.363150000000000000e+04
-9.363953125000000000e+04
-9.364756250000000000e+04
-9.365559375000000000e+04
-9.366360937500000000e+04
-9.367161718750000000e+04
-9.367961718750000000e+04
-9.368760937500000000e+04
-9.369559375000000000e+04
-9.370357812500000000e+04
-9.371154687500000000e+04
-9.371951562500000000e+04
-9.372748437500000000e+04
-9.373543750000000000e+04
-9.374338281250000000e+04
-9.375132812500000000e+04
-9.375925781250000000e+04
-9.376717968750000000e+04
-9.377510156250000000e+04
-9.378301562500000000e+04
-9.379092187500000000e+04
-9.379882812500000000e+04
-9.380671875000000000e+04
-9.381459375000000000e+04
-9.382247656250000000e+04
-9.383034375000000000e+04
-9.383821875000000000e+04
-9.384607812500000000e+04
-9.385392187500000000e+04
-9.386176562500000000e+04
-9.386960937500000000e+04
-9.387743750000000000e+04
-9.388526562500000000e+04
-9.389308593750000000e+04
-9.390089843750000000e+04
-9.390870312500000000e+04
-9.391650000000000000e+04
-9.392429687500000000e+04
-9.393207812500000000e+04
-9.393985937500000000e+04
-9.394763281250000000e+04
-9.395540625000000000e+04
-9.396315625000000000e+04
-9.397091406250000000e+04
-9.397865625000000000e+04
-9.398640625000000000e+04
-9.399412500000000000e+04
-9.400185937500000000e+04
-9.400957812500000000e+04
-9.401728906250000000e+04
-9.402500000000000000e+04
-9.403270312500000000e+04
-9.404039062500000000e+04
-9.404807812500000000e+04
-9.405576562500000000e+04
-9.406343750000000000e+04
-9.407110937500000000e+04
-9.407876562500000000e+04
-9.408642187500000000e+04
-9.409407812500000000e+04
-9.410171875000000000e+04
-9.410935937500000000e+04
-9.411698437500000000e+04
-9.412460156250000000e+04
-9.413221875000000000e+04
-9.413982812500000000e+04
-9.414743750000000000e+04
-9.415503906250000000e+04
-9.416262500000000000e+04
-9.417021875000000000e+04
-9.417779687500000000e+04
-9.418536718750000000e+04
-9.419292187500000000e+04
-9.420049218750000000e+04
-9.420804687500000000e+04
-9.421560156250000000e+04
-9.422314062500000000e+04
-9.423067187500000000e+04
-9.423821093750000000e+04
-9.424573437500000000e+04
-9.425325000000000000e+04
-9.426076562500000000e+04
-9.426826562500000000e+04
-9.427575781250000000e+04
-9.428325000000000000e+04
-9.429073437500000000e+04
-9.429821093750000000e+04
-9.430568750000000000e+04
-9.431315625000000000e+04
-9.432062500000000000e+04
-9.432807812500000000e+04
-9.433552343750000000e+04
-9.434296093750000000e+04
-9.435039843750000000e+04
-9.435783593750000000e+04
-9.436525781250000000e+04
-9.437267187500000000e+04
-9.438009375000000000e+04
-9.438750000000000000e+04
-9.439490625000000000e+04
-9.440229687500000000e+04
-9.440967968750000000e+04
-9.441707812500000000e+04
-9.442445312500000000e+04
-9.443181250000000000e+04
-9.443917968750000000e+04
-9.444653125000000000e+04
-9.445389062500000000e+04
-9.446124218750000000e+04
-9.446857031250000000e+04
-9.447591406250000000e+04
-9.448323437500000000e+04
-9.449056250000000000e+04
-9.449787500000000000e+04
-9.450518750000000000e+04
-9.451250000000000000e+04
-9.451978125000000000e+04
-9.452707812500000000e+04
-9.453437500000000000e+04
-9.454165625000000000e+04
-9.454892187500000000e+04
-9.455620312500000000e+04
-9.456345312500000000e+04
-9.457071875000000000e+04
-9.457796875000000000e+04
-9.458521093750000000e+04
-9.459245312500000000e+04
-9.459969531250000000e+04
-9.460692187500000000e+04
-9.461414062500000000e+04
-9.462135937500000000e+04
-9.462857812500000000e+04
-9.463578125000000000e+04
-9.464298437500000000e+04
-9.465017187500000000e+04
-9.465736718750000000e+04
-9.466454687500000000e+04
-9.467172656250000000e+04
-9.467890625000000000e+04
-9.468606250000000000e+04
-9.469322656250000000e+04
-9.470039062500000000e+04
-9.470753125000000000e+04
-9.471467187500000000e+04
-9.472181250000000000e+04
-9.472893750000000000e+04
-9.473607031250000000e+04
-9.474318750000000000e+04
-9.475030468750000000e+04
-9.475740625000000000e+04
-9.476451562500000000e+04
-9.477160937500000000e+04
-9.477871093750000000e+04
-9.478579687500000000e+04
-9.479288281250000000e+04
-9.479995312500000000e+04
-9.480702343750000000e+04
-9.481409375000000000e+04
-9.482114843750000000e+04
-9.482820312500000000e+04
-9.483524218750000000e+04
-9.484228906250000000e+04
-9.484932812500000000e+04
-9.485635937500000000e+04
-9.486337500000000000e+04
-9.487040625000000000e+04
-9.487742187500000000e+04
-9.488442187500000000e+04
-9.489143750000000000e+04
-9.489843750000000000e+04
-9.490542187500000000e+04
-9.491241406250000000e+04
-9.491939062500000000e+04
-9.492637500000000000e+04
-9.493334375000000000e+04
-9.494031250000000000e+04
-9.494726562500000000e+04
-9.495421875000000000e+04
-9.496117187500000000e+04
-9.496810937500000000e+04
-9.497504687500000000e+04
-9.498198437500000000e+04
-9.498891406250000000e+04
-9.499584375000000000e+04
-9.500275000000000000e+04
-9.500967187500000000e+04
-9.501657031250000000e+04
-9.502346875000000000e+04
-9.503037500000000000e+04
-9.503726562500000000e+04
-9.504414843750000000e+04
-9.505103125000000000e+04
-9.505789062500000000e+04
-9.506476562500000000e+04
-9.507163281250000000e+04
-9.507849218750000000e+04
-9.508534375000000000e+04
-9.509218750000000000e+04
-9.509903125000000000e+04
-9.510586718750000000e+04
-9.511270312500000000e+04
-9.511953125000000000e+04
-9.512635156250000000e+04
-9.513317187500000000e+04
-9.513997656250000000e+04
-9.514678125000000000e+04
-9.515359375000000000e+04
-9.516037500000000000e+04
-9.516717187500000000e+04
-9.517396875000000000e+04
-9.518073437500000000e+04
-9.518751562500000000e+04
-9.519428125000000000e+04
-9.520104687500000000e+04
-9.520780468750000000e+04
-9.521456250000000000e+04
-9.522131250000000000e+04
-9.522806250000000000e+04
-9.523479687500000000e+04
-9.524152343750000000e+04
-9.524825781250000000e+04
-9.525497656250000000e+04
-9.526170312500000000e+04
-9.526840625000000000e+04
-9.527511718750000000e+04
-9.528182812500000000e+04
-9.528851562500000000e+04
-9.529521875000000000e+04
-9.530190625000000000e+04
-9.530858593750000000e+04
-9.531526562500000000e+04
-9.532193750000000000e+04
-9.532860937500000000e+04
-9.533526562500000000e+04
-9.534192187500000000e+04
-9.534857812500000000e+04
-9.535521875000000000e+04
-9.536186718750000000e+04
-9.536850000000000000e+04
-9.537514062500000000e+04
-9.538176562500000000e+04
-9.538838281250000000e+04
-9.539501562500000000e+04
-9.540162500000000000e+04
-9.540822656250000000e+04
-9.541482812500000000e+04
-9.542142187500000000e+04
-9.542802343750000000e+04
-9.543460937500000000e+04
-9.544118750000000000e+04
-9.544776562500000000e+04
-9.545434375000000000e+04
-9.546091406250000000e+04
-9.546748437500000000e+04
-9.547403125000000000e+04
-9.548059375000000000e+04
-9.548714062500000000e+04
-9.549367187500000000e+04
-9.550021875000000000e+04
-9.550675000000000000e+04
-9.551328906250000000e+04
-9.551981250000000000e+04
-9.552632812500000000e+04
-9.553285156250000000e+04
-9.553935937500000000e+04
-9.554585937500000000e+04
-9.555235937500000000e+04
-9.555885937500000000e+04
-9.556535937500000000e+04
-9.557182812500000000e+04
-9.557831250000000000e+04
-9.558479687500000000e+04
-9.559126562500000000e+04
-9.559773437500000000e+04
-9.560419531250000000e+04
-9.561065625000000000e+04
-9.561710937500000000e+04
-9.562354687500000000e+04
-9.563000000000000000e+04
-9.563642968750000000e+04
-9.564286718750000000e+04
-9.564929687500000000e+04
-9.565571875000000000e+04
-9.566214062500000000e+04
-9.566854687500000000e+04
-9.567496875000000000e+04
-9.568137500000000000e+04
-9.568776562500000000e+04
-9.569417187500000000e+04
-9.570056250000000000e+04
-9.570693750000000000e+04
-9.571332812500000000e+04
-9.571970312500000000e+04
-9.572607812500000000e+04
-9.573243750000000000e+04
-9.573881250000000000e+04
-9.574517187500000000e+04
-9.575151562500000000e+04
-9.575787500000000000e+04
-9.576421875000000000e+04
-9.577054687500000000e+04
-9.577689062500000000e+04
-9.578321875000000000e+04
-9.578954687500000000e+04
-9.579587500000000000e+04
-9.580218750000000000e+04
-9.580850000000000000e+04
-9.581481250000000000e+04
-9.582110937500000000e+04
-9.582741406250000000e+04
-9.583371093750000000e+04
-9.584000000000000000e+04
-9.584628906250000000e+04
-9.585256250000000000e+04
-9.585884375000000000e+04
-9.586510937500000000e+04
-9.587138281250000000e+04
-9.587764062500000000e+04
-9.588390625000000000e+04
-9.589015625000000000e+04
-9.589640625000000000e+04
-9.590264843750000000e+04
-9.590889062500000000e+04
-9.591512500000000000e+04
-9.592135937500000000e+04
-9.592758593750000000e+04
-9.593381250000000000e+04
-9.594003125000000000e+04
-9.594624218750000000e+04
-9.595245312500000000e+04
-9.595864843750000000e+04
-9.596485156250000000e+04
-9.597104687500000000e+04
-9.597723437500000000e+04
-9.598342187500000000e+04
-9.598960937500000000e+04
-9.599578125000000000e+04
-9.600196875000000000e+04
-9.600812500000000000e+04
-9.601429687500000000e+04
-9.602045312500000000e+04
-9.602660937500000000e+04
-9.603276562500000000e+04
-9.603890625000000000e+04
-9.604505468750000000e+04
-9.605118750000000000e+04
-9.605732812500000000e+04
-9.606345312500000000e+04
-9.606957812500000000e+04
-9.607570312500000000e+04
-9.608182031250000000e+04
-9.608793750000000000e+04
-9.609404687500000000e+04
-9.610014062500000000e+04
-9.610624218750000000e+04
-9.611232812500000000e+04
-9.611842968750000000e+04
-9.612451562500000000e+04
-9.613059375000000000e+04
-9.613667968750000000e+04
-9.614275000000000000e+04
-9.614882812500000000e+04
-9.615489062500000000e+04
-9.616093750000000000e+04
-9.616700000000000000e+04
-9.617305468750000000e+04
-9.617910156250000000e+04
-9.618514843750000000e+04
-9.619118750000000000e+04
-9.619721875000000000e+04
-9.620325000000000000e+04
-9.620928125000000000e+04
-9.621529687500000000e+04
-9.622131250000000000e+04
-9.622733593750000000e+04
-9.623334375000000000e+04
-9.623934375000000000e+04
-9.624535156250000000e+04
-9.625134375000000000e+04
-9.625734375000000000e+04
-9.626332812500000000e+04
-9.626931250000000000e+04
-9.627529687500000000e+04
-9.628127343750000000e+04
-9.628725000000000000e+04
-9.629321875000000000e+04
-9.629917968750000000e+04
-9.630514062500000000e+04
-9.631109375000000000e+04
-9.631704687500000000e+04
-9.632300000000000000e+04
-9.632893750000000000e+04
-9.633487500000000000e+04
-9.634081250000000000e+04
-9.634675000000000000e+04
-9.635267187500000000e+04
-9.635859375000000000e+04
-9.636451562500000000e+04
-9.637042187500000000e+04
-9.637632812500000000e+04
-9.638223437500000000e+04
-9.638814062500000000e+04
-9.639404687500000000e+04
-9.639993750000000000e+04
-9.640582812500000000e+04
-9.641171093750000000e+04
-9.641759375000000000e+04
-9.642346875000000000e+04
-9.642934375000000000e+04
-9.643521875000000000e+04
-9.644108593750000000e+04
-9.644693750000000000e+04
-9.645281250000000000e+04
-9.645865625000000000e+04
-9.646450781250000000e+04
-9.647035156250000000e+04
-9.647620312500000000e+04
-9.648203125000000000e+04
-9.648786718750000000e+04
-9.649369531250000000e+04
-9.649952343750000000e+04
-9.650534375000000000e+04
-9.651116406250000000e+04
-9.651696875000000000e+04
-9.652278125000000000e+04
-9.652859375000000000e+04
-9.653439843750000000e+04
-9.654019531250000000e+04
-9.654598437500000000e+04
-9.655177343750000000e+04
-9.655756250000000000e+04
-9.656334375000000000e+04
-9.656911718750000000e+04
-9.657489062500000000e+04
-9.658067187500000000e+04
-9.658643750000000000e+04
-9.659218750000000000e+04
-9.659795312500000000e+04
-9.660371093750000000e+04
-9.660945312500000000e+04
-9.661520312500000000e+04
-9.662093750000000000e+04
-9.662668750000000000e+04
-9.663242187500000000e+04
-9.663814843750000000e+04
-9.664387500000000000e+04
-9.664960937500000000e+04
-9.665532031250000000e+04
-9.666103906250000000e+04
-9.666675000000000000e+04
-9.667245312500000000e+04
-9.667815625000000000e+04
-9.668385937500000000e+04
-9.668956250000000000e+04
-9.669525000000000000e+04
-9.670094531250000000e+04
-9.670664062500000000e+04
-9.671231250000000000e+04
-9.671798437500000000e+04
-9.672367187500000000e+04
-9.672933593750000000e+04
-9.673500000000000000e+04
-9.674066406250000000e+04
-9.674631250000000000e+04
-9.675198437500000000e+04
-9.675762500000000000e+04
-9.676326562500000000e+04
-9.676892187500000000e+04
-9.677454687500000000e+04
-9.678018750000000000e+04
-9.678582031250000000e+04
-9.679145312500000000e+04
-9.679707812500000000e+04
-9.680269531250000000e+04
-9.680831250000000000e+04
-9.681392968750000000e+04
-9.681954687500000000e+04
-9.682514062500000000e+04
-9.683074218750000000e+04
-9.683634375000000000e+04
-9.684193750000000000e+04
-9.684753125000000000e+04
-9.685311718750000000e+04
-9.685870312500000000e+04
-9.686428125000000000e+04
-9.686984375000000000e+04
-9.687542968750000000e+04
-9.688100000000000000e+04
-9.688655468750000000e+04
-9.689212500000000000e+04
-9.689767187500000000e+04
-9.690323437500000000e+04
-9.690878906250000000e+04
-9.691432812500000000e+04
-9.691987500000000000e+04
-9.692542187500000000e+04
-9.693095312500000000e+04
-9.693648437500000000e+04
-9.694201562500000000e+04
-9.694754687500000000e+04
-9.695306250000000000e+04
-9.695857031250000000e+04
-9.696408593750000000e+04
-9.696959375000000000e+04
-9.697510937500000000e+04
-9.698061718750000000e+04
-9.698610937500000000e+04
-9.699160937500000000e+04
-9.699709375000000000e+04
-9.700259375000000000e+04
-9.700807031250000000e+04
-9.701354687500000000e+04
-9.701903125000000000e+04
-9.702450000000000000e+04
-9.702996875000000000e+04
-9.703543750000000000e+04
-9.704090625000000000e+04
-9.704635937500000000e+04
-9.705181250000000000e+04
-9.705726562500000000e+04
-9.706271875000000000e+04
-9.706815625000000000e+04
-9.707360937500000000e+04
-9.707904687500000000e+04
-9.708448437500000000e+04
-9.708991406250000000e+04
-9.709533593750000000e+04
-9.710076562500000000e+04
-9.710618750000000000e+04
-9.711160156250000000e+04
-9.711701562500000000e+04
-9.712242968750000000e+04
-9.712782812500000000e+04
-9.713324218750000000e+04
-9.713862500000000000e+04
-9.714403906250000000e+04
-9.714943750000000000e+04
-9.715481250000000000e+04
-9.716020312500000000e+04
-9.716558593750000000e+04
-9.717096875000000000e+04
-9.717634375000000000e+04
-9.718170312500000000e+04
-9.718707812500000000e+04
-9.719243750000000000e+04
-9.719779687500000000e+04
-9.720315625000000000e+04
-9.720851562500000000e+04
-9.721386718750000000e+04
-9.721921093750000000e+04
-9.722456250000000000e+04
-9.722989062500000000e+04
-9.723523437500000000e+04
-9.724056250000000000e+04
-9.724590625000000000e+04
-9.725121875000000000e+04
-9.725654687500000000e+04
-9.726187500000000000e+04
-9.726718750000000000e+04
-9.727250000000000000e+04
-9.727781250000000000e+04
-9.728312500000000000e+04
-9.728842187500000000e+04
-9.729372656250000000e+04
-9.729901562500000000e+04
-9.730431250000000000e+04
-9.730960937500000000e+04
-9.731489062500000000e+04
-9.732017187500000000e+04
-9.732545312500000000e+04
-9.733071875000000000e+04
-9.733599218750000000e+04
-9.734126562500000000e+04
-9.734653125000000000e+04
-9.735178906250000000e+04
-9.735704687500000000e+04
-9.736231250000000000e+04
-9.736756250000000000e+04
-9.737281250000000000e+04
-9.737804687500000000e+04
-9.738329687500000000e+04
-9.738853906250000000e+04
-9.739376562500000000e+04
-9.739900000000000000e+04
-9.740423437500000000e+04
-9.740946875000000000e+04
-9.741468750000000000e+04
-9.741990625000000000e+04
-9.742512500000000000e+04
-9.743033593750000000e+04
-9.743554687500000000e+04
-9.744075000000000000e+04
-9.744595312500000000e+04
-9.745115625000000000e+04
-9.745635937500000000e+04
-9.746153906250000000e+04
-9.746671875000000000e+04
-9.747192187500000000e+04
-9.747709375000000000e+04
-9.748228125000000000e+04
-9.748745312500000000e+04
-9.749262500000000000e+04
-9.749780468750000000e+04
-9.750296875000000000e+04
-9.750812500000000000e+04
-9.751328125000000000e+04
-9.751843750000000000e+04
-9.752360156250000000e+04
-9.752875000000000000e+04
-9.753389062500000000e+04
-9.753903906250000000e+04
-9.754418750000000000e+04
-9.754931250000000000e+04
-9.755444531250000000e+04
-9.755959375000000000e+04
-9.756471875000000000e+04
-9.756982812500000000e+04
-9.757495312500000000e+04
-9.758007812500000000e+04
-9.758518750000000000e+04
-9.759031250000000000e+04
-9.759540625000000000e+04
-9.760051562500000000e+04
-9.760562500000000000e+04
-9.761071875000000000e+04
-9.761581250000000000e+04
-9.762090625000000000e+04
-9.762600000000000000e+04
-9.763109375000000000e+04
-9.763617187500000000e+04
-9.764125000000000000e+04
-9.764632812500000000e+04
-9.765139062500000000e+04
-9.765647656250000000e+04
-9.766153125000000000e+04
-9.766660937500000000e+04
-9.767167187500000000e+04
-9.767671875000000000e+04
-9.768178125000000000e+04
-9.768682812500000000e+04
-9.769187500000000000e+04
-9.769692187500000000e+04
-9.770196875000000000e+04
-9.770700781250000000e+04
-9.771204687500000000e+04
-9.771707812500000000e+04
-9.772210156250000000e+04
-9.772714062500000000e+04
-9.773214843750000000e+04
-9.773717187500000000e+04
-9.774219531250000000e+04
-9.774720312500000000e+04
-9.775221875000000000e+04
-9.775722656250000000e+04
-9.776223437500000000e+04
-9.776723437500000000e+04
-9.777223437500000000e+04
-9.777722656250000000e+04
-9.778221875000000000e+04
-9.778721093750000000e+04
-9.779220312500000000e+04
-9.779718750000000000e+04
-9.780217187500000000e+04
-9.780714843750000000e+04
-9.781212500000000000e+04
-9.781709375000000000e+04
-9.782205468750000000e+04
-9.782702343750000000e+04
-9.783198437500000000e+04
-9.783693750000000000e+04
-9.784189062500000000e+04
-9.784684375000000000e+04
-9.785180468750000000e+04
-9.785675000000000000e+04
-9.786169531250000000e+04
-9.786664062500000000e+04
-9.787156250000000000e+04
-9.787651562500000000e+04
-9.788145312500000000e+04
-9.788637500000000000e+04
-9.789129687500000000e+04
-9.789621875000000000e+04
-9.790114062500000000e+04
-9.790606250000000000e+04
-9.791096875000000000e+04
-9.791587500000000000e+04
-9.792078906250000000e+04
-9.792570312500000000e+04
-9.793059375000000000e+04
-9.793549218750000000e+04
-9.794039062500000000e+04
-9.794528125000000000e+04
-9.795017187500000000e+04
-9.795504687500000000e+04
-9.795994531250000000e+04
-9.796482812500000000e+04
-9.796970312500000000e+04
-9.797457812500000000e+04
-9.797945312500000000e+04
-9.798432812500000000e+04
-9.798918750000000000e+04
-9.799405468750000000e+04
-9.799892187500000000e+04
-9.800377343750000000e+04
-9.800863281250000000e+04
-9.801347656250000000e+04
-9.801832812500000000e+04
-9.802317187500000000e+04
-9.802802343750000000e+04
-9.803285937500000000e+04
-9.803770312500000000e+04
-9.804253125000000000e+04
-9.804735937500000000e+04
-9.805219531250000000e+04
-9.805701562500000000e+04
-9.806184375000000000e+04
-9.806665625000000000e+04
-9.807146875000000000e+04
-9.807629687500000000e+04
-9.808109375000000000e+04
-9.808591406250000000e+04
-9.809071875000000000e+04
-9.809552343750000000e+04
-9.810032031250000000e+04
-9.810510937500000000e+04
-9.810990625000000000e+04
-9.811470312500000000e+04
-9.811948437500000000e+04
-9.812426562500000000e+04
-9.812905468750000000e+04
-9.813383593750000000e+04
-9.813860937500000000e+04
-9.814339062500000000e+04
-9.814816406250000000e+04
-9.815292187500000000e+04
-9.815768750000000000e+04
-9.816245312500000000e+04
-9.816721875000000000e+04
-9.817196875000000000e+04
-9.817673437500000000e+04
-9.818148437500000000e+04
-9.818622656250000000e+04
-9.819096875000000000e+04
-9.819571875000000000e+04
-9.820045312500000000e+04
-9.820518750000000000e+04
-9.820992968750000000e+04
-9.821464843750000000e+04
-9.821939062500000000e+04
-9.822411718750000000e+04
-9.822884375000000000e+04
-9.823354687500000000e+04
-9.823827343750000000e+04
-9.824298437500000000e+04
-9.824770312500000000e+04
-9.825240625000000000e+04
-9.825711718750000000e+04
-9.826182031250000000e+04
-9.826651562500000000e+04
-9.827121875000000000e+04
-9.827591406250000000e+04
-9.828060937500000000e+04
-9.828530468750000000e+04
-9.828997656250000000e+04
-9.829467187500000000e+04
-9.829934375000000000e+04
-9.830403125000000000e+04
-9.830870312500000000e+04
-9.831337500000000000e+04
-9.831805468750000000e+04
-9.832271875000000000e+04
-9.832739062500000000e+04
-9.833203125000000000e+04
-9.833670312500000000e+04
-9.834136718750000000e+04
-9.834601562500000000e+04
-9.835065625000000000e+04
-9.835531250000000000e+04
-9.835996093750000000e+04
-9.836460937500000000e+04
-9.836923437500000000e+04
-9.837388281250000000e+04
-9.837851562500000000e+04
-9.838314062500000000e+04
-9.838778125000000000e+04
-9.839239843750000000e+04
-9.839703125000000000e+04
-9.840165625000000000e+04
-9.840628125000000000e+04
-9.841089062500000000e+04
-9.841550000000000000e+04
-9.842010937500000000e+04
-9.842471875000000000e+04
-9.842932812500000000e+04
-9.843393750000000000e+04
-9.843853125000000000e+04
-9.844312500000000000e+04
-9.844772656250000000e+04
-9.845231250000000000e+04
-9.845689062500000000e+04
-9.846148437500000000e+04
-9.846607031250000000e+04
-9.847065625000000000e+04
-9.847523437500000000e+04
-9.847980468750000000e+04
-9.848437500000000000e+04
-9.848895312500000000e+04
-9.849351562500000000e+04
-9.849808593750000000e+04
-9.850264062500000000e+04
-9.850720312500000000e+04
-9.851177343750000000e+04
-9.851632812500000000e+04
-9.852087500000000000e+04
-9.852542187500000000e+04
-9.852996875000000000e+04
-9.853451562500000000e+04
-9.853905468750000000e+04
-9.854360156250000000e+04
-9.854812500000000000e+04
-9.855267187500000000e+04
-9.855719531250000000e+04
-9.856173437500000000e+04
-9.856625000000000000e+04
-9.857076562500000000e+04
-9.857529687500000000e+04
-9.857981250000000000e+04
-9.858433593750000000e+04
-9.858883593750000000e+04
-9.859335937500000000e+04
-9.859785937500000000e+04
-9.860236718750000000e+04
-9.860686718750000000e+04
-9.861135937500000000e+04
-9.861587500000000000e+04
-9.862036718750000000e+04
-9.862484375000000000e+04
-9.862934375000000000e+04
-9.863382812500000000e+04
-9.863832031250000000e+04
-9.864279687500000000e+04
-9.864726562500000000e+04
-9.865175000000000000e+04
-9.865621875000000000e+04
-9.866070312500000000e+04
-9.866517187500000000e+04
-9.866964062500000000e+04
-9.867410156250000000e+04
-9.867856250000000000e+04
-9.868301562500000000e+04
-9.868747656250000000e+04
-9.869192187500000000e+04
-9.869638281250000000e+04
-9.870083593750000000e+04
-9.870527343750000000e+04
-9.870971875000000000e+04
-9.871417187500000000e+04
-9.871860156250000000e+04
-9.872303906250000000e+04
-9.872746875000000000e+04
-9.873189062500000000e+04
-9.873632812500000000e+04
-9.874076562500000000e+04
-9.874517187500000000e+04
-9.874959375000000000e+04
-9.875401562500000000e+04
-9.875843750000000000e+04
-9.876285156250000000e+04
-9.876726562500000000e+04
-9.877167187500000000e+04
-9.877607812500000000e+04
-9.878048437500000000e+04
-9.878488281250000000e+04
-9.878927343750000000e+04
-9.879367187500000000e+04
-9.879806250000000000e+04
-9.880245312500000000e+04
-9.880685156250000000e+04
-9.881123437500000000e+04
-9.881560937500000000e+04
-9.881999218750000000e+04
-9.882437500000000000e+04
-9.882875000000000000e+04
-9.883312500000000000e+04
-9.883750000000000000e+04
-9.884185937500000000e+04
-9.884623437500000000e+04
-9.885059375000000000e+04
-9.885496093750000000e+04
-9.885932031250000000e+04
-9.886367968750000000e+04
-9.886803906250000000e+04
-9.887238281250000000e+04
-9.887673437500000000e+04
-9.888107812500000000e+04
-9.888542187500000000e+04
-9.888976562500000000e+04
-9.889410156250000000e+04
-9.889844531250000000e+04
-9.890278125000000000e+04
-9.890710937500000000e+04
-9.891143750000000000e+04
-9.891576562500000000e+04
-9.892009375000000000e+04
-9.892442187500000000e+04
-9.892872656250000000e+04
-9.893304687500000000e+04
-9.893737500000000000e+04
-9.894167187500000000e+04
-9.894599218750000000e+04
-9.895029687500000000e+04
-9.895460937500000000e+04
-9.895890625000000000e+04
-9.896320312500000000e+04
-9.896750000000000000e+04
-9.897180468750000000e+04
-9.897610937500000000e+04
-9.898039062500000000e+04
-9.898467187500000000e+04
-9.898895312500000000e+04
-9.899325000000000000e+04
-9.899753125000000000e+04
-9.900180468750000000e+04
-9.900608593750000000e+04
-9.901035937500000000e+04
-9.901464062500000000e+04
-9.901890625000000000e+04
-9.902317187500000000e+04
-9.902743750000000000e+04
-9.903170312500000000e+04
-9.903596875000000000e+04
-9.904021875000000000e+04
-9.904446875000000000e+04
-9.904871875000000000e+04
-9.905296875000000000e+04
-9.905722656250000000e+04
-9.906147656250000000e+04
-9.906571875000000000e+04
-9.906995312500000000e+04
-9.907419531250000000e+04
-9.907843750000000000e+04
-9.908267187500000000e+04
-9.908689843750000000e+04
-9.909114062500000000e+04
-9.909537500000000000e+04
-9.909957812500000000e+04
-9.910381250000000000e+04
-9.910803125000000000e+04
-9.911225000000000000e+04
-9.911646875000000000e+04
-9.912067187500000000e+04
-9.912489062500000000e+04
-9.912910156250000000e+04
-9.913330468750000000e+04
-9.913751562500000000e+04
-9.914171875000000000e+04
-9.914590625000000000e+04
-9.915010937500000000e+04
-9.915429687500000000e+04
-9.915848437500000000e+04
-9.916268750000000000e+04
-9.916687500000000000e+04
-9.917106250000000000e+04
-9.917525000000000000e+04
-9.917943750000000000e+04
-9.918360156250000000e+04
-9.918778125000000000e+04
-9.919196093750000000e+04
-9.919612500000000000e+04
-9.920029687500000000e+04
-9.920446875000000000e+04
-9.920863281250000000e+04
-9.921279687500000000e+04
-9.921696093750000000e+04
-9.922111718750000000e+04
-9.922528125000000000e+04
-9.922942968750000000e+04
-9.923357812500000000e+04
-9.923773437500000000e+04
-9.924189062500000000e+04
-9.924602343750000000e+04
-9.925017187500000000e+04
-9.925430468750000000e+04
-9.925844531250000000e+04
-9.926257812500000000e+04
-9.926671875000000000e+04
-9.927084375000000000e+04
-9.927496875000000000e+04
-9.927910937500000000e+04
-9.928321875000000000e+04
-9.928734375000000000e+04
-9.929146875000000000e+04
-9.929558593750000000e+04
-9.929970312500000000e+04
-9.930381250000000000e+04
-9.930792187500000000e+04
-9.931203125000000000e+04
-9.931614062500000000e+04
-9.932025000000000000e+04
-9.932434375000000000e+04
-9.932845312500000000e+04
-9.933254687500000000e+04
-9.933664062500000000e+04
-9.934073437500000000e+04
-9.934482812500000000e+04
-9.934890625000000000e+04
-9.935300000000000000e+04
-9.935708593750000000e+04
-9.936115625000000000e+04
-9.936525000000000000e+04
-9.936932812500000000e+04
-9.937339062500000000e+04
-9.937746875000000000e+04
-9.938154687500000000e+04
-9.938560937500000000e+04
-9.938967968750000000e+04
-9.939375000000000000e+04
-9.939780468750000000e+04
-9.940185937500000000e+04
-9.940592968750000000e+04
-9.940998437500000000e+04
-9.941403125000000000e+04
-9.941808593750000000e+04
-9.942214062500000000e+04
-9.942618750000000000e+04
-9.943023437500000000e+04
-9.943428125000000000e+04
-9.943831250000000000e+04
-9.944235937500000000e+04
-9.944639062500000000e+04
-9.945042187500000000e+04
-9.945446093750000000e+04
-9.945849218750000000e+04
-9.946250781250000000e+04
-9.946653125000000000e+04
-9.947057031250000000e+04
-9.947459375000000000e+04
-9.947860156250000000e+04
-9.948261718750000000e+04
-9.948662500000000000e+04
-9.949064843750000000e+04
-9.949465625000000000e+04
-9.949867187500000000e+04
-9.950268750000000000e+04
-9.950668750000000000e+04
-9.951067187500000000e+04
-9.951468750000000000e+04
-9.951868750000000000e+04
-9.952268750000000000e+04
-9.952667187500000000e+04
-9.953067187500000000e+04
-9.953466406250000000e+04
-9.953864062500000000e+04
-9.954262500000000000e+04
-9.954662500000000000e+04
-9.955059375000000000e+04
-9.955457812500000000e+04
-9.955855468750000000e+04
-9.956253125000000000e+04
-9.956650000000000000e+04
-9.957046875000000000e+04
-9.957443750000000000e+04
-9.957839062500000000e+04
-9.958237500000000000e+04
-9.958632812500000000e+04
-9.959029687500000000e+04
-9.959423437500000000e+04
-9.959821093750000000e+04
-9.960216406250000000e+04
-9.960610937500000000e+04
-9.961006250000000000e+04
-9.961400000000000000e+04
-9.961795312500000000e+04
-9.962189062500000000e+04
-9.962584375000000000e+04
-9.962976562500000000e+04
-9.963370312500000000e+04
-9.963765625000000000e+04
-9.964157812500000000e+04
-9.964551562500000000e+04
-9.964943750000000000e+04
-9.965337500000000000e+04
-9.965730468750000000e+04
-9.966121875000000000e+04
-9.966514062500000000e+04
-9.966906250000000000e+04
-9.967296875000000000e+04
-9.967689062500000000e+04
-9.968081250000000000e+04
-9.968471875000000000e+04
-9.968862500000000000e+04
-9.969253125000000000e+04
-9.969642968750000000e+04
-9.970032812500000000e+04
-9.970423437500000000e+04
-9.970812500000000000e+04
-9.971203125000000000e+04
-9.971592187500000000e+04
-9.971981250000000000e+04
-9.972370312500000000e+04
-9.972759375000000000e+04
-9.973147656250000000e+04
-9.973535937500000000e+04
-9.973924218750000000e+04
-9.974312500000000000e+04
-9.974701562500000000e+04
-9.975087500000000000e+04
-9.975475781250000000e+04
-9.975862500000000000e+04
-9.976250000000000000e+04
-9.976635937500000000e+04
-9.977023437500000000e+04
-9.977409375000000000e+04
-9.977795312500000000e+04
-9.978181250000000000e+04
-9.978567187500000000e+04
-9.978953125000000000e+04
-9.979337500000000000e+04
-9.979721875000000000e+04
-9.980107812500000000e+04
-9.980492187500000000e+04
-9.980878125000000000e+04
-9.981262500000000000e+04
-9.981646093750000000e+04
-9.982029687500000000e+04
-9.982413281250000000e+04
-9.982796875000000000e+04
-9.983181250000000000e+04
-9.983563281250000000e+04
-9.983945312500000000e+04
-9.984329687500000000e+04
-9.984712500000000000e+04
-9.985095312500000000e+04
-9.985476562500000000e+04
-9.985857812500000000e+04
-9.986240625000000000e+04
-9.986621875000000000e+04
-9.987003125000000000e+04
-9.987385156250000000e+04
-9.987765625000000000e+04
-9.988146093750000000e+04
-9.988526562500000000e+04
-9.988906250000000000e+04
-9.989286718750000000e+04
-9.989667187500000000e+04
-9.990046875000000000e+04
-9.990427343750000000e+04
-9.990807812500000000e+04
-9.991185937500000000e+04
-9.991565625000000000e+04
-9.991942187500000000e+04
-9.992322656250000000e+04
-9.992700000000000000e+04
-9.993079687500000000e+04
-9.993457812500000000e+04
-9.993834375000000000e+04
-9.994212500000000000e+04
-9.994590625000000000e+04
-9.994967187500000000e+04
-9.995345312500000000e+04
-9.995721875000000000e+04
-9.996098437500000000e+04
-9.996475000000000000e+04
-9.996851562500000000e+04
-9.997226562500000000e+04
-9.997603125000000000e+04
-9.997978906250000000e+04
-9.998353125000000000e+04
-9.998729687500000000e+04
-9.999104687500000000e+04
-9.999478906250000000e+04
-9.999853125000000000e+04
-1.000022968750000000e+05
-1.000060312500000000e+05
-1.000097656250000000e+05
-1.000135156250000000e+05
-1.000172578125000000e+05
-1.000209843750000000e+05
-1.000247187500000000e+05
-1.000284531250000000e+05
-1.000321875000000000e+05
-1.000359218750000000e+05
-1.000396406250000000e+05
-1.000433593750000000e+05
-1.000470859375000000e+05
-1.000508125000000000e+05
-1.000545312500000000e+05
-1.000582500000000000e+05
-1.000619687500000000e+05
-1.000656718750000000e+05
-1.000693828125000000e+05
-1.000730937500000000e+05
-1.000768125000000000e+05
-1.000805156250000000e+05
-1.000842109375000000e+05
-1.000879140625000000e+05
-1.000916250000000000e+05
-1.000953125000000000e+05
-1.000990156250000000e+05
-1.001027031250000000e+05
-1.001063906250000000e+05
-1.001100937500000000e+05
-1.001137812500000000e+05
-1.001174687500000000e+05
-1.001211562500000000e+05
-1.001248281250000000e+05
-1.001285156250000000e+05
-1.001322031250000000e+05
-1.001358750000000000e+05
-1.001395468750000000e+05
-1.001432265625000000e+05
-1.001468984375000000e+05
-1.001505625000000000e+05
-1.001542500000000000e+05
-1.001579062500000000e+05
-1.001615703125000000e+05
-1.001652343750000000e+05
-1.001689062500000000e+05
-1.001725468750000000e+05
-1.001762187500000000e+05
-1.001798750000000000e+05
-1.001835234375000000e+05
-1.001871718750000000e+05
-1.001908281250000000e+05
-1.001944687500000000e+05
-1.001981250000000000e+05
-1.002017656250000000e+05
-1.002054062500000000e+05
-1.002090468750000000e+05
-1.002126875000000000e+05
-1.002163281250000000e+05
-1.002199531250000000e+05
-1.002235781250000000e+05
-1.002272343750000000e+05
-1.002308593750000000e+05
-1.002344921875000000e+05
-1.002381093750000000e+05
-1.002417343750000000e+05
-1.002453593750000000e+05
-1.002489765625000000e+05
-1.002525937500000000e+05
-1.002562109375000000e+05
-1.002598281250000000e+05
-1.002634531250000000e+05
-1.002670625000000000e+05
-1.002706718750000000e+05
-1.002742812500000000e+05
-1.002778906250000000e+05
-1.002814843750000000e+05
-1.002850937500000000e+05
-1.002886953125000000e+05
-1.002922968750000000e+05
-1.002958906250000000e+05
-1.002994843750000000e+05
-1.003030781250000000e+05
-1.003066718750000000e+05
-1.003102578125000000e+05
-1.003138515625000000e+05
-1.003174375000000000e+05
-1.003210156250000000e+05
-1.003246093750000000e+05
-1.003281875000000000e+05
-1.003317734375000000e+05
-1.003353437500000000e+05
-1.003389140625000000e+05
-1.003425000000000000e+05
-1.003460781250000000e+05
-1.003496484375000000e+05
-1.003532031250000000e+05
-1.003567734375000000e+05
-1.003603437500000000e+05
-1.003638984375000000e+05
-1.003674687500000000e+05
-1.003710312500000000e+05
-1.003745781250000000e+05
-1.003781406250000000e+05
-1.003816875000000000e+05
-1.003852500000000000e+05
-1.003887968750000000e+05
-1.003923437500000000e+05
-1.003958984375000000e+05
-1.003994531250000000e+05
-1.004029843750000000e+05
-1.004065312500000000e+05
-1.004100703125000000e+05
-1.004136093750000000e+05
-1.004171484375000000e+05
-1.004206875000000000e+05
-1.004242031250000000e+05
-1.004277500000000000e+05
-1.004312734375000000e+05
-1.004348125000000000e+05
-1.004383437500000000e+05
-1.004418671875000000e+05
-1.004453750000000000e+05
-1.004489062500000000e+05
-1.004524218750000000e+05
-1.004559453125000000e+05
-1.004594609375000000e+05
-1.004629843750000000e+05
-1.004664921875000000e+05
-1.004699921875000000e+05
-1.004735078125000000e+05
-1.004770156250000000e+05
-1.004805312500000000e+05
-1.004840312500000000e+05
-1.004875312500000000e+05
-1.004910312500000000e+05
-1.004945312500000000e+05
-1.004980312500000000e+05
-1.005015234375000000e+05
-1.005050156250000000e+05
-1.005085000000000000e+05
-1.005119921875000000e+05
-1.005154843750000000e+05
-1.005189843750000000e+05
-1.005224531250000000e+05
-1.005259375000000000e+05
-1.005294375000000000e+05
-1.005329062500000000e+05
-1.005363828125000000e+05
-1.005398593750000000e+05
-1.005433359375000000e+05
-1.005468125000000000e+05
-1.005502656250000000e+05
-1.005537578125000000e+05
-1.005572187500000000e+05
-1.005606796875000000e+05
-1.005641562500000000e+05
-1.005676093750000000e+05
-1.005710781250000000e+05
-1.005745312500000000e+05
-1.005779843750000000e+05
-1.005814375000000000e+05
-1.005849062500000000e+05
-1.005883593750000000e+05
-1.005918125000000000e+05
-1.005952656250000000e+05
-1.005987031250000000e+05
-1.006021562500000000e+05
-1.006055937500000000e+05
-1.006090390625000000e+05
-1.006124921875000000e+05
-1.006159218750000000e+05
-1.006193750000000000e+05
-1.006228046875000000e+05
-1.006262343750000000e+05
-1.006296718750000000e+05
-1.006331015625000000e+05
-1.006365234375000000e+05
-1.006399609375000000e+05
-1.006433750000000000e+05
-1.006468125000000000e+05
-1.006502343750000000e+05
-1.006536562500000000e+05
-1.006570703125000000e+05
-1.006604921875000000e+05
-1.006639062500000000e+05
-1.006673203125000000e+05
-1.006707421875000000e+05
-1.006741406250000000e+05
-1.006775625000000000e+05
-1.006809765625000000e+05
-1.006843750000000000e+05
-1.006877812500000000e+05
-1.006911796875000000e+05
-1.006945781250000000e+05
-1.006979843750000000e+05
-1.007013750000000000e+05
-1.007047812500000000e+05
-1.007081796875000000e+05
-1.007115625000000000e+05
-1.007149687500000000e+05
-1.007183593750000000e+05
-1.007217343750000000e+05
-1.007251328125000000e+05
-1.007285078125000000e+05
-1.007318906250000000e+05
-1.007352812500000000e+05
-1.007386562500000000e+05
-1.007420312500000000e+05
-1.007454062500000000e+05
-1.007487890625000000e+05
-1.007521562500000000e+05
-1.007555390625000000e+05
-1.007589062500000000e+05
-1.007622812500000000e+05
-1.007656406250000000e+05
-1.007690156250000000e+05
-1.007723750000000000e+05
-1.007757421875000000e+05
-1.007790937500000000e+05
-1.007824609375000000e+05
-1.007858125000000000e+05
-1.007891718750000000e+05
-1.007925312500000000e+05
-1.007958828125000000e+05
-1.007992343750000000e+05
-1.008025781250000000e+05
-1.008059375000000000e+05
-1.008092656250000000e+05
-1.008126171875000000e+05
-1.008159687500000000e+05
-1.008193125000000000e+05
-1.008226562500000000e+05
-1.008259843750000000e+05
-1.008293281250000000e+05
-1.008326562500000000e+05
-1.008359843750000000e+05
-1.008393281250000000e+05
-1.008426562500000000e+05
-1.008459843750000000e+05
-1.008493125000000000e+05
-1.008526406250000000e+05
-1.008559609375000000e+05
-1.008592812500000000e+05
-1.008626093750000000e+05
-1.008659218750000000e+05
-1.008692343750000000e+05
-1.008725546875000000e+05
-1.008758750000000000e+05
-1.008791875000000000e+05
-1.008825000000000000e+05
-1.008858125000000000e+05
-1.008891093750000000e+05
-1.008924218750000000e+05
-1.008957343750000000e+05
-1.008990468750000000e+05
-1.009023437500000000e+05
-1.009056250000000000e+05
-1.009089375000000000e+05
-1.009122343750000000e+05
-1.009155312500000000e+05
-1.009188203125000000e+05
-1.009221250000000000e+05
-1.009254062500000000e+05
-1.009286953125000000e+05
-1.009319843750000000e+05
-1.009352812500000000e+05
-1.009385625000000000e+05
-1.009418437500000000e+05
-1.009451250000000000e+05
-1.009484062500000000e+05
-1.009516875000000000e+05
-1.009549687500000000e+05
-1.009582343750000000e+05
-1.009615156250000000e+05
-1.009647968750000000e+05
-1.009680468750000000e+05
-1.009713281250000000e+05
-1.009745937500000000e+05
-1.009778593750000000e+05
-1.009811250000000000e+05
-1.009843906250000000e+05
-1.009876562500000000e+05
-1.009909140625000000e+05
-1.009941718750000000e+05
-1.009974296875000000e+05
-1.010006875000000000e+05
-1.010039375000000000e+05
-1.010072031250000000e+05
-1.010104531250000000e+05
-1.010137031250000000e+05
-1.010169453125000000e+05
-1.010201875000000000e+05
-1.010234375000000000e+05
-1.010266718750000000e+05
-1.010299218750000000e+05
-1.010331562500000000e+05
-1.010363906250000000e+05
-1.010396406250000000e+05
-1.010428671875000000e+05
-1.010461093750000000e+05
-1.010493437500000000e+05
-1.010525781250000000e+05
-1.010557968750000000e+05
-1.010590312500000000e+05
-1.010622500000000000e+05
-1.010654843750000000e+05
-1.010687031250000000e+05
-1.010719218750000000e+05
-1.010751562500000000e+05
-1.010783593750000000e+05
-1.010815781250000000e+05
-1.010848125000000000e+05
-1.010880156250000000e+05
-1.010912343750000000e+05
-1.010944375000000000e+05
-1.010976562500000000e+05
-1.011008593750000000e+05
-1.011040781250000000e+05
-1.011072812500000000e+05
-1.011104687500000000e+05
-1.011136796875000000e+05
-1.011168906250000000e+05
-1.011200781250000000e+05
-1.011232812500000000e+05
-1.011264765625000000e+05
-1.011296796875000000e+05
-1.011328750000000000e+05
-1.011360625000000000e+05
-1.011392500000000000e+05
-1.011424531250000000e+05
-1.011456250000000000e+05
-1.011488203125000000e+05
-1.011520000000000000e+05
-1.011551796875000000e+05
-1.011583750000000000e+05
-1.011615468750000000e+05
-1.011647187500000000e+05
-1.011679062500000000e+05
-1.011710781250000000e+05
-1.011742500000000000e+05
-1.011774296875000000e+05
-1.011805937500000000e+05
-1.011837656250000000e+05
-1.011869375000000000e+05
-1.011901093750000000e+05
-1.011932656250000000e+05
-1.011964375000000000e+05
-1.011996015625000000e+05
-1.012027578125000000e+05
-1.012059218750000000e+05
-1.012090859375000000e+05
-1.012122343750000000e+05
-1.012153906250000000e+05
-1.012185468750000000e+05
-1.012217031250000000e+05
-1.012248437500000000e+05
-1.012280078125000000e+05
-1.012311562500000000e+05
-1.012342968750000000e+05
-1.012374375000000000e+05
-1.012405937500000000e+05
-1.012437187500000000e+05
-1.012468750000000000e+05
-1.012500000000000000e+05
-1.012531484375000000e+05
-1.012562812500000000e+05
-1.012594218750000000e+05
-1.012625546875000000e+05
-1.012656875000000000e+05
-1.012688203125000000e+05
-1.012719531250000000e+05
-1.012750625000000000e+05
-1.012782031250000000e+05
-1.012813281250000000e+05
-1.012844531250000000e+05
-1.012875703125000000e+05
-1.012906953125000000e+05
-1.012938125000000000e+05
-1.012969218750000000e+05
-1.013000468750000000e+05
-1.013031562500000000e+05
-1.013062734375000000e+05
-1.013093906250000000e+05
-1.013125156250000000e+05
-1.013156093750000000e+05
-1.013187187500000000e+05
-1.013218281250000000e+05
-1.013249218750000000e+05
-1.013280312500000000e+05
-1.013311406250000000e+05
-1.013342343750000000e+05
-1.013373437500000000e+05
-1.013404375000000000e+05
-1.013435312500000000e+05
-1.013466250000000000e+05
-1.013497265625000000e+05
-1.013528125000000000e+05
-1.013559062500000000e+05
-1.013589843750000000e+05
-1.013620781250000000e+05
-1.013651718750000000e+05
-1.013682500000000000e+05
-1.013713437500000000e+05
-1.013744218750000000e+05
-1.013775078125000000e+05
-1.013805781250000000e+05
-1.013836718750000000e+05
-1.013867421875000000e+05
-1.013898125000000000e+05
-1.013928906250000000e+05
-1.013959609375000000e+05
-1.013990312500000000e+05
-1.014021015625000000e+05
-1.014051796875000000e+05
-1.014082343750000000e+05
-1.014113046875000000e+05
-1.014143750000000000e+05
-1.014174375000000000e+05
-1.014205078125000000e+05
-1.014235625000000000e+05
-1.014266093750000000e+05
-1.014296718750000000e+05
-1.014327265625000000e+05
-1.014357812500000000e+05
-1.014388281250000000e+05
-1.014418906250000000e+05
-1.014449375000000000e+05
-1.014479843750000000e+05
-1.014510468750000000e+05
-1.014540781250000000e+05
-1.014571250000000000e+05
-1.014601796875000000e+05
-1.014632187500000000e+05
-1.014662500000000000e+05
-1.014692968750000000e+05
-1.014723359375000000e+05
-1.014753593750000000e+05
-1.014784062500000000e+05
-1.014814375000000000e+05
-1.014844687500000000e+05
-1.014875000000000000e+05
-1.014905312500000000e+05
-1.014935625000000000e+05
-1.014965937500000000e+05
-1.014996093750000000e+05
-1.015026406250000000e+05
-1.015056640625000000e+05
-1.015086875000000000e+05
-1.015117109375000000e+05
-1.015147343750000000e+05
-1.015177343750000000e+05
-1.015207578125000000e+05
-1.015237734375000000e+05
-1.015267812500000000e+05
-1.015298046875000000e+05
-1.015328046875000000e+05
-1.015358125000000000e+05
-1.015388281250000000e+05
-1.015418281250000000e+05
-1.015448437500000000e+05
-1.015478437500000000e+05
-1.015508437500000000e+05
-1.015538593750000000e+05
-1.015568437500000000e+05
-1.015598437500000000e+05
-1.015628437500000000e+05
-1.015658437500000000e+05
-1.015688281250000000e+05
-1.015718281250000000e+05
-1.015748281250000000e+05
-1.015777968750000000e+05
-1.015807968750000000e+05
-1.015837890625000000e+05
-1.015867656250000000e+05
-1.015897578125000000e+05
-1.015927421875000000e+05
-1.015957187500000000e+05
-1.015987187500000000e+05
-1.016016875000000000e+05
-1.016046718750000000e+05
-1.016076406250000000e+05
-1.016106093750000000e+05
-1.016135937500000000e+05
-1.016165703125000000e+05
-1.016195468750000000e+05
-1.016225078125000000e+05
-1.016254843750000000e+05
-1.016284531250000000e+05
-1.016314218750000000e+05
-1.016343906250000000e+05
-1.016373437500000000e+05
-1.016403125000000000e+05
-1.016432734375000000e+05
-1.016462343750000000e+05
-1.016491875000000000e+05
-1.016521406250000000e+05
-1.016551093750000000e+05
-1.016580546875000000e+05
-1.016610000000000000e+05
-1.016639531250000000e+05
-1.016669140625000000e+05
-1.016698515625000000e+05
-1.016728046875000000e+05
-1.016757500000000000e+05
-1.016787031250000000e+05
-1.016816406250000000e+05
-1.016845937500000000e+05
-1.016875312500000000e+05
-1.016904687500000000e+05
-1.016934062500000000e+05
-1.016963437500000000e+05
-1.016992890625000000e+05
-1.017022265625000000e+05
-1.017051562500000000e+05
-1.017080937500000000e+05
-1.017110156250000000e+05
-1.017139531250000000e+05
-1.017168828125000000e+05
-1.017198046875000000e+05
-1.017227343750000000e+05
-1.017256562500000000e+05
-1.017285781250000000e+05
-1.017315000000000000e+05
-1.017344218750000000e+05
-1.017373359375000000e+05
-1.017402656250000000e+05
-1.017431718750000000e+05
-1.017460937500000000e+05
-1.017490156250000000e+05
-1.017519218750000000e+05
-1.017548281250000000e+05
-1.017577343750000000e+05
-1.017606484375000000e+05
-1.017635546875000000e+05
-1.017664687500000000e+05
-1.017693750000000000e+05
-1.017722812500000000e+05
-1.017751796875000000e+05
-1.017780781250000000e+05
-1.017809687500000000e+05
-1.017838750000000000e+05
-1.017867734375000000e+05
-1.017896718750000000e+05
-1.017925625000000000e+05
-1.017954609375000000e+05
-1.017983593750000000e+05
-1.018012343750000000e+05
-1.018041406250000000e+05
-1.018070312500000000e+05
-1.018099140625000000e+05
-1.018127968750000000e+05
-1.018156796875000000e+05
-1.018185625000000000e+05
-1.018214531250000000e+05
-1.018243437500000000e+05
-1.018272187500000000e+05
-1.018300859375000000e+05
-1.018329687500000000e+05
-1.018358437500000000e+05
-1.018387187500000000e+05
-1.018416015625000000e+05
-1.018444687500000000e+05
-1.018473281250000000e+05
-1.018502109375000000e+05
-1.018530781250000000e+05
-1.018559531250000000e+05
-1.018588125000000000e+05
-1.018616718750000000e+05
-1.018645390625000000e+05
-1.018673984375000000e+05
-1.018702578125000000e+05
-1.018731250000000000e+05
-1.018759843750000000e+05
-1.018788437500000000e+05
-1.018816875000000000e+05
-1.018845468750000000e+05
-1.018874062500000000e+05
-1.018902500000000000e+05
-1.018930937500000000e+05
-1.018959531250000000e+05
-1.018987968750000000e+05
-1.019016484375000000e+05
-1.019044843750000000e+05
