5.920337500000000000e+04
-1.782196875000000000e+04
-2.741945703125000000e+04
-3.391450781250000000e+04
-3.873470703125000000e+04
-4.250298828125000000e+04
-4.555026953125000000e+04
-4.807417578125000000e+04
-5.020235546875000000e+04
-5.202213281250000000e+04
-5.359586328125000000e+04
-5.496963671875000000e+04
-5.617841796875000000e+04
-5.724938281250000000e+04
-5.820402734375000000e+04
-5.905963671875000000e+04
-5.983029296875000000e+04
-6.052761328125000000e+04
-6.116123828125000000e+04
-6.173931250000000000e+04
-6.226869921875000000e+04
-6.275526171875000000e+04
-6.320401171875000000e+04
-6.361930078125000000e+04
-6.400485156250000000e+04
-6.436393750000000000e+04
-6.469940234375000000e+04
-6.501375000000000000e+04
-6.530915234375000000e+04
-6.558753125000000000e+04
-6.585062500000000000e+04
-6.609991406250000000e+04
-6.633674218750000000e+04
-6.656228906250000000e+04
-6.677762500000000000e+04
-6.698368750000000000e+04
-6.718131250000000000e+04
-6.737126562500000000e+04
-6.755421093750000000e+04
-6.773075781250000000e+04
-6.790142968750000000e+04
-6.806674218750000000e+04
-6.822710937500000000e+04
-6.838292968750000000e+04
-6.853455468750000000e+04
-6.868231250000000000e+04
-6.882648437500000000e+04
-6.896733593750000000e+04
-6.910508593750000000e+04
-6.923997656250000000e+04
-6.937217968750000000e+04
-6.950187500000000000e+04
-6.962922656250000000e+04
-6.975436718750000000e+04
-6.987742968750000000e+04
-6.999853906250000000e+04
-7.011780468750000000e+04
-7.023531250000000000e+04
-7.035117968750000000e+04
-7.046546093750000000e+04
-7.057824218750000000e+04
-7.068960156250000000e+04
-7.079959375000000000e+04
-7.090828125000000000e+04
-7.101571093750000000e+04
-7.112195312500000000e+04
-7.122701562500000000e+04
-7.133097656250000000e+04
-7.143386718750000000e+04
-7.153571093750000000e+04
-7.163653906250000000e+04
-7.173641406250000000e+04
-7.183533593750000000e+04
-7.193333593750000000e+04
-7.203045312500000000e+04
-7.212669531250000000e+04
-7.222210937500000000e+04
-7.231667968750000000e+04
-7.241046093750000000e+04
-7.250346093750000000e+04
-7.259567968750000000e+04
-7.268715625000000000e+04
-7.277789843750000000e+04
-7.286792968750000000e+04
-7.295725000000000000e+04
-7.304589062500000000e+04
-7.313384375000000000e+04
-7.322114062500000000e+04
-7.330777343750000000e+04
-7.339377343750000000e+04
-7.347914843750000000e+04
-7.356389843750000000e+04
-7.364805468750000000e+04
-7.373160156250000000e+04
-7.381455468750000000e+04
-7.389694531250000000e+04
-7.397875000000000000e+04
-7.406000781250000000e+04
-7.414071093750000000e+04
-7.422086718750000000e+04
-7.430047656250000000e+04
-7.437956250000000000e+04
-7.445812500000000000e+04
-7.453617968750000000e+04
-7.461372656250000000e+04
-7.469077343750000000e+04
-7.476733593750000000e+04
-7.484339062500000000e+04
-7.491897656250000000e+04
-7.499408593750000000e+04
-7.506874218750000000e+04
-7.514292187500000000e+04
-7.521664843750000000e+04
-7.528992968750000000e+04
-7.536276562500000000e+04
-7.543514843750000000e+04
-7.550711718750000000e+04
-7.557864843750000000e+04
-7.564975000000000000e+04
-7.572043750000000000e+04
-7.579071093750000000e+04
-7.586058593750000000e+04
-7.593005468750000000e+04
-7.599911718750000000e+04
-7.606778906250000000e+04
-7.613606250000000000e+04
-7.620396093750000000e+04
-7.627147656250000000e+04
-7.633861718750000000e+04
-7.640538281250000000e+04
-7.647177343750000000e+04
-7.653781250000000000e+04
-7.660348437500000000e+04
-7.666880468750000000e+04
-7.673376562500000000e+04
-7.679837500000000000e+04
-7.686264843750000000e+04
-7.692657812500000000e+04
-7.699017187500000000e+04
-7.705342968750000000e+04
-7.711635156250000000e+04
-7.717895312500000000e+04
-7.724122656250000000e+04
-7.730318750000000000e+04
-7.736481250000000000e+04
-7.742614062500000000e+04
-7.748714843750000000e+04
-7.754785937500000000e+04
-7.760825000000000000e+04
-7.766835156250000000e+04
-7.772814843750000000e+04
-7.778765625000000000e+04
-7.784686718750000000e+04
-7.790578906250000000e+04
-7.796442187500000000e+04
-7.802277343750000000e+04
-7.808083593750000000e+04
-7.813862500000000000e+04
-7.819613281250000000e+04
-7.825337500000000000e+04
-7.831033593750000000e+04
-7.836703125000000000e+04
-7.842346875000000000e+04
-7.847962500000000000e+04
-7.853554687500000000e+04
-7.859118750000000000e+04
-7.864657812500000000e+04
-7.870171093750000000e+04
-7.875660156250000000e+04
-7.881124218750000000e+04
-7.886563281250000000e+04
-7.891977343750000000e+04
-7.897367187500000000e+04
-7.902733593750000000e+04
-7.908074218750000000e+04
-7.913393750000000000e+04
-7.918687500000000000e+04
-7.923960156250000000e+04
-7.929208593750000000e+04
-7.934433593750000000e+04
-7.939636718750000000e+04
-7.944817968750000000e+04
-7.949976562500000000e+04
-7.955112500000000000e+04
-7.960226562500000000e+04
-7.965319531250000000e+04
-7.970389843750000000e+04
-7.975439843750000000e+04
-7.980468750000000000e+04
-7.985476562500000000e+04
-7.990462500000000000e+04
-7.995428906250000000e+04
-8.000375000000000000e+04
-8.005299218750000000e+04
-8.010205468750000000e+04
-8.015089843750000000e+04
-8.019955468750000000e+04
-8.024800000000000000e+04
-8.029626562500000000e+04
-8.034433593750000000e+04
-8.039221093750000000e+04
-8.043989062500000000e+04
-8.048739062500000000e+04
-8.053470312500000000e+04
-8.058181250000000000e+04
-8.062875000000000000e+04
-8.067550000000000000e+04
-8.072207031250000000e+04
-8.076846093750000000e+04
-8.081467968750000000e+04
-8.086070312500000000e+04
-8.090656250000000000e+04
-8.095224218750000000e+04
-8.099775000000000000e+04
-8.104308593750000000e+04
-8.108824218750000000e+04
-8.113324218750000000e+04
-8.117805468750000000e+04
-8.122271093750000000e+04
-8.126721093750000000e+04
-8.131152343750000000e+04
-8.135568750000000000e+04
-8.139968750000000000e+04
-8.144352343750000000e+04
-8.148720312500000000e+04
-8.153071093750000000e+04
-8.157407812500000000e+04
-8.161728125000000000e+04
-8.166032031250000000e+04
-8.170321093750000000e+04
-8.174595312500000000e+04
-8.178853125000000000e+04
-8.183096093750000000e+04
-8.187325000000000000e+04
-8.191537500000000000e+04
-8.195736718750000000e+04
-8.199920312500000000e+04
-8.204089062500000000e+04
-8.208243750000000000e+04
-8.212383593750000000e+04
-8.216509375000000000e+04
-8.220621093750000000e+04
-8.224718750000000000e+04
-8.228802343750000000e+04
-8.232871093750000000e+04
-8.236926562500000000e+04
-8.240967968750000000e+04
-8.244996093750000000e+04
-8.249011718750000000e+04
-8.253011718750000000e+04
-8.256999218750000000e+04
-8.260973437500000000e+04
-8.264933593750000000e+04
-8.268882031250000000e+04
-8.272816406250000000e+04
-8.276738281250000000e+04
-8.280646875000000000e+04
-8.284542968750000000e+04
-8.288426562500000000e+04
-8.292297656250000000e+04
-8.296155468750000000e+04
-8.300000000000000000e+04
-8.303833593750000000e+04
-8.307653906250000000e+04
-8.311462500000000000e+04
-8.315258593750000000e+04
-8.319043750000000000e+04
-8.322815625000000000e+04
-8.326575781250000000e+04
-8.330324218750000000e+04
-8.334060156250000000e+04
-8.337784375000000000e+04
-8.341497656250000000e+04
-8.345199218750000000e+04
-8.348889062500000000e+04
-8.352567968750000000e+04
-8.356235156250000000e+04
-8.359890625000000000e+04
-8.363535156250000000e+04
-8.367168750000000000e+04
-8.370790625000000000e+04
-8.374402343750000000e+04
-8.378002343750000000e+04
-8.381591406250000000e+04
-8.385170312500000000e+04
-8.388736718750000000e+04
-8.392293750000000000e+04
-8.395839843750000000e+04
-8.399376562500000000e+04
-8.402901562500000000e+04
-8.406414843750000000e+04
-8.409919531250000000e+04
-8.413413281250000000e+04
-8.416896093750000000e+04
-8.420370312500000000e+04
-8.423832812500000000e+04
-8.427285156250000000e+04
-8.430728906250000000e+04
-8.434161718750000000e+04
-8.437583593750000000e+04
-8.440996875000000000e+04
-8.444400000000000000e+04
-8.447792968750000000e+04
-8.451177343750000000e+04
-8.454551562500000000e+04
-8.457914843750000000e+04
-8.461270312500000000e+04
-8.464614843750000000e+04
-8.467951562500000000e+04
-8.471277343750000000e+04
-8.474593750000000000e+04
-8.477901562500000000e+04
-8.481200000000000000e+04
-8.484489062500000000e+04
-8.487768750000000000e+04
-8.491039843750000000e+04
-8.494301562500000000e+04
-8.497553906250000000e+04
-8.500797656250000000e+04
-8.504032812500000000e+04
-8.507258593750000000e+04
-8.510475781250000000e+04
-8.513684375000000000e+04
-8.516884375000000000e+04
-8.520075000000000000e+04
-8.523257031250000000e+04
-8.526430468750000000e+04
-8.529596093750000000e+04
-8.532752343750000000e+04
-8.535900781250000000e+04
-8.539039843750000000e+04
-8.542171093750000000e+04
-8.545295312500000000e+04
-8.548410156250000000e+04
-8.551515625000000000e+04
-8.554614843750000000e+04
-8.557705468750000000e+04
-8.560786718750000000e+04
-8.563860937500000000e+04
-8.566926562500000000e+04
-8.569983593750000000e+04
-8.573033593750000000e+04
-8.576076562500000000e+04
-8.579110156250000000e+04
-8.582136718750000000e+04
-8.585155468750000000e+04
-8.588165625000000000e+04
-8.591168750000000000e+04
-8.594164062500000000e+04
-8.597152343750000000e+04
-8.600132031250000000e+04
-8.603103906250000000e+04
-8.606069531250000000e+04
-8.609026562500000000e+04
-8.611977343750000000e+04
-8.614919531250000000e+04
-8.617855468750000000e+04
-8.620782812500000000e+04
-8.623702343750000000e+04
-8.626616406250000000e+04
-8.629521093750000000e+04
-8.632421093750000000e+04
-8.635311718750000000e+04
-8.638196093750000000e+04
-8.641074218750000000e+04
-8.643943750000000000e+04
-8.646807031250000000e+04
-8.649663281250000000e+04
-8.652512500000000000e+04
-8.655354687500000000e+04
-8.658189843750000000e+04
-8.661018750000000000e+04
-8.663839843750000000e+04
-8.666655468750000000e+04
-8.669462500000000000e+04
-8.672264062500000000e+04
-8.675058593750000000e+04
-8.677846093750000000e+04
-8.680627343750000000e+04
-8.683402343750000000e+04
-8.686170312500000000e+04
-8.688932031250000000e+04
-8.691686718750000000e+04
-8.694435156250000000e+04
-8.697176562500000000e+04
-8.699911718750000000e+04
-8.702641406250000000e+04
-8.705364062500000000e+04
-8.708080468750000000e+04
-8.710789843750000000e+04
-8.713493750000000000e+04
-8.716189843750000000e+04
-8.718881250000000000e+04
-8.721566406250000000e+04
-8.724245312500000000e+04
-8.726917968750000000e+04
-8.729583593750000000e+04
-8.732243750000000000e+04
-8.734897656250000000e+04
-8.737546093750000000e+04
-8.740189062500000000e+04
-8.742824218750000000e+04
-8.745453906250000000e+04
-8.748078906250000000e+04
-8.750696093750000000e+04
-8.753308593750000000e+04
-8.755914843750000000e+04
-8.758514843750000000e+04
-8.761110937500000000e+04
-8.763699218750000000e+04
-8.766282812500000000e+04
-8.768860156250000000e+04
-8.771431250000000000e+04
-8.773997656250000000e+04
-8.776557812500000000e+04
-8.779111718750000000e+04
-8.781661718750000000e+04
-8.784204687500000000e+04
-8.786742187500000000e+04
-8.789274218750000000e+04
-8.791801562500000000e+04
-8.794321093750000000e+04
-8.796837500000000000e+04
-8.799347656250000000e+04
-8.801852343750000000e+04
-8.804352343750000000e+04
-8.806846093750000000e+04
-8.809334375000000000e+04
-8.811817968750000000e+04
-8.814296093750000000e+04
-8.816767968750000000e+04
-8.819235156250000000e+04
-8.821696875000000000e+04
-8.824153906250000000e+04
-8.826605468750000000e+04
-8.829052343750000000e+04
-8.831492968750000000e+04
-8.833928906250000000e+04
-8.836360156250000000e+04
-8.838785156250000000e+04
-8.841205468750000000e+04
-8.843621093750000000e+04
-8.846032031250000000e+04
-8.848437500000000000e+04
-8.850837500000000000e+04
-8.853233593750000000e+04
-8.855624218750000000e+04
-8.858008593750000000e+04
-8.860389843750000000e+04
-8.862764843750000000e+04
-8.865136718750000000e+04
-8.867501562500000000e+04
-8.869862500000000000e+04
-8.872218750000000000e+04
-8.874570312500000000e+04
-8.876916406250000000e+04
-8.879258593750000000e+04
-8.881595312500000000e+04
-8.883927343750000000e+04
-8.886255468750000000e+04
-8.888577343750000000e+04
-8.890896093750000000e+04
-8.893208593750000000e+04
-8.895517968750000000e+04
-8.897821875000000000e+04
-8.900121093750000000e+04
-8.902417187500000000e+04
-8.904707031250000000e+04
-8.906992187500000000e+04
-8.909272656250000000e+04
-8.911550000000000000e+04
-8.913821093750000000e+04
-8.916089843750000000e+04
-8.918352343750000000e+04
-8.920610937500000000e+04
-8.922864843750000000e+04
-8.925114843750000000e+04
-8.927360156250000000e+04
-8.929600781250000000e+04
-8.931837500000000000e+04
-8.934070312500000000e+04
-8.936297656250000000e+04
-8.938521093750000000e+04
-8.940739843750000000e+04
-8.942954687500000000e+04
-8.945164843750000000e+04
-8.947371093750000000e+04
-8.949574218750000000e+04
-8.951771875000000000e+04
-8.953964843750000000e+04
-8.956153906250000000e+04
-8.958339843750000000e+04
-8.960521093750000000e+04
-8.962697656250000000e+04
-8.964870312500000000e+04
-8.967038281250000000e+04
-8.969202343750000000e+04
-8.971362500000000000e+04
-8.973519531250000000e+04
-8.975671093750000000e+04
-8.977819531250000000e+04
-8.979964062500000000e+04
-8.982103906250000000e+04
-8.984239062500000000e+04
-8.986371093750000000e+04
-8.988500000000000000e+04
-8.990624218750000000e+04
-8.992743750000000000e+04
-8.994860156250000000e+04
-8.996971093750000000e+04
-8.999080468750000000e+04
-9.001184375000000000e+04
-9.003285156250000000e+04
-9.005381250000000000e+04
-9.007474218750000000e+04
-9.009563281250000000e+04
-9.011647656250000000e+04
-9.013728906250000000e+04
-9.015806250000000000e+04
-9.017880468750000000e+04
-9.019950000000000000e+04
-9.022016406250000000e+04
-9.024078906250000000e+04
-9.026136718750000000e+04
-9.028191406250000000e+04
-9.030242968750000000e+04
-9.032289843750000000e+04
-9.034333593750000000e+04
-9.036374218750000000e+04
-9.038410156250000000e+04
-9.040442968750000000e+04
-9.042471875000000000e+04
-9.044497656250000000e+04
-9.046518750000000000e+04
-9.048536718750000000e+04
-9.050551562500000000e+04
-9.052562500000000000e+04
-9.054570312500000000e+04
-9.056575000000000000e+04
-9.058575000000000000e+04
-9.060571093750000000e+04
-9.062564843750000000e+04
-9.064555468750000000e+04
-9.066540625000000000e+04
-9.068524218750000000e+04
-9.070502343750000000e+04
-9.072478906250000000e+04
-9.074451562500000000e+04
-9.076419531250000000e+04
-9.078385156250000000e+04
-9.080347656250000000e+04
-9.082306250000000000e+04
-9.084261718750000000e+04
-9.086213281250000000e+04
-9.088161718750000000e+04
-9.090107031250000000e+04
-9.092048437500000000e+04
-9.093986718750000000e+04
-9.095921875000000000e+04
-9.097854687500000000e+04
-9.099782812500000000e+04
-9.101707812500000000e+04
-9.103629687500000000e+04
-9.105547656250000000e+04
-9.107464062500000000e+04
-9.109376562500000000e+04
-9.111285156250000000e+04
-9.113189843750000000e+04
-9.115092968750000000e+04
-9.116991406250000000e+04
-9.118887500000000000e+04
-9.120781250000000000e+04
-9.122670312500000000e+04
-9.124556250000000000e+04
-9.126439843750000000e+04
-9.128320312500000000e+04
-9.130197656250000000e+04
-9.132071093750000000e+04
-9.133941406250000000e+04
-9.135808593750000000e+04
-9.137674218750000000e+04
-9.139535156250000000e+04
-9.141393750000000000e+04
-9.143249218750000000e+04
-9.145101562500000000e+04
-9.146950000000000000e+04
-9.148796093750000000e+04
-9.150639062500000000e+04
-9.152478906250000000e+04
-9.154316406250000000e+04
-9.156150000000000000e+04
-9.157981250000000000e+04
-9.159809375000000000e+04
-9.161633593750000000e+04
-9.163456250000000000e+04
-9.165274218750000000e+04
-9.167091406250000000e+04
-9.168903906250000000e+04
-9.170714062500000000e+04
-9.172521093750000000e+04
-9.174325781250000000e+04
-9.176127343750000000e+04
-9.177925000000000000e+04
-9.179721093750000000e+04
-9.181514062500000000e+04
-9.183303906250000000e+04
-9.185091406250000000e+04
-9.186875000000000000e+04
-9.188656250000000000e+04
-9.190435156250000000e+04
-9.192210937500000000e+04
-9.193983593750000000e+04
-9.195753906250000000e+04
-9.197521093750000000e+04
-9.199285156250000000e+04
-9.201046093750000000e+04
-9.202805468750000000e+04
-9.204561718750000000e+04
-9.206314843750000000e+04
-9.208065625000000000e+04
-9.209814062500000000e+04
-9.211558593750000000e+04
-9.213300781250000000e+04
-9.215040625000000000e+04
-9.216777343750000000e+04
-9.218511718750000000e+04
-9.220242968750000000e+04
-9.221971093750000000e+04
-9.223697656250000000e+04
-9.225421093750000000e+04
-9.227142968750000000e+04
-9.228860156250000000e+04
-9.230575781250000000e+04
-9.232288281250000000e+04
-9.233999218750000000e+04
-9.235706250000000000e+04
-9.237410937500000000e+04
-9.239112500000000000e+04
-9.240812500000000000e+04
-9.242509375000000000e+04
-9.244204687500000000e+04
-9.245896093750000000e+04
-9.247585156250000000e+04
-9.249272656250000000e+04
-9.250956250000000000e+04
-9.252637500000000000e+04
-9.254317968750000000e+04
-9.255993750000000000e+04
-9.257667968750000000e+04
-9.259339843750000000e+04
-9.261007812500000000e+04
-9.262675000000000000e+04
-9.264339062500000000e+04
-9.266000000000000000e+04
-9.267658593750000000e+04
-9.269314843750000000e+04
-9.270968750000000000e+04
-9.272621093750000000e+04
-9.274268750000000000e+04
-9.275916406250000000e+04
-9.277560156250000000e+04
-9.279201562500000000e+04
-9.280841406250000000e+04
-9.282477343750000000e+04
-9.284111718750000000e+04
-9.285744531250000000e+04
-9.287374218750000000e+04
-9.289000781250000000e+04
-9.290625000000000000e+04
-9.292247656250000000e+04
-9.293867968750000000e+04
-9.295485156250000000e+04
-9.297100781250000000e+04
-9.298714062500000000e+04
-9.300324218750000000e+04
-9.301932812500000000e+04
-9.303537500000000000e+04
-9.305141406250000000e+04
-9.306742968750000000e+04
-9.308341406250000000e+04
-9.309937500000000000e+04
-9.311532812500000000e+04
-9.313124218750000000e+04
-9.314712500000000000e+04
-9.316300781250000000e+04
-9.317885156250000000e+04
-9.319467968750000000e+04
-9.321049218750000000e+04
-9.322627343750000000e+04
-9.324202343750000000e+04
-9.325776562500000000e+04
-9.327347656250000000e+04
-9.328917968750000000e+04
-9.330483593750000000e+04
-9.332049218750000000e+04
-9.333611718750000000e+04
-9.335171093750000000e+04
-9.336728906250000000e+04
-9.338285156250000000e+04
-9.339839062500000000e+04
-9.341389843750000000e+04
-9.342939062500000000e+04
-9.344485937500000000e+04
-9.346030468750000000e+04
-9.347573437500000000e+04
-9.349114843750000000e+04
-9.350652343750000000e+04
-9.352189062500000000e+04
-9.353722656250000000e+04
-9.355253906250000000e+04
-9.356783593750000000e+04
-9.358311718750000000e+04
-9.359836718750000000e+04
-9.361360156250000000e+04
-9.362881250000000000e+04
-9.364400000000000000e+04
-9.365917187500000000e+04
-9.367432812500000000e+04
-9.368945312500000000e+04
-9.370455468750000000e+04
-9.371964062500000000e+04
-9.373470312500000000e+04
-9.374974218750000000e+04
-9.376476562500000000e+04
-9.377977343750000000e+04
-9.379475781250000000e+04
-9.380972656250000000e+04
-9.382466406250000000e+04
-9.383957812500000000e+04
-9.385447656250000000e+04
-9.386935937500000000e+04
-9.388421875000000000e+04
-9.389906250000000000e+04
-9.391387500000000000e+04
-9.392867968750000000e+04
-9.394346093750000000e+04
-9.395821093750000000e+04
-9.397295312500000000e+04
-9.398767968750000000e+04
-9.400237500000000000e+04
-9.401705468750000000e+04
-9.403171093750000000e+04
-9.404635156250000000e+04
-9.406097656250000000e+04
-9.407557812500000000e+04
-9.409014843750000000e+04
-9.410471093750000000e+04
-9.411925000000000000e+04
-9.413377343750000000e+04
-9.414828125000000000e+04
-9.416277343750000000e+04
-9.417722656250000000e+04
-9.419167968750000000e+04
-9.420610156250000000e+04
-9.422050781250000000e+04
-9.423489843750000000e+04
-9.424926562500000000e+04
-9.426361718750000000e+04
-9.427793750000000000e+04
-9.429225000000000000e+04
-9.430653906250000000e+04
-9.432082031250000000e+04
-9.433507812500000000e+04
-9.434930468750000000e+04
-9.436352343750000000e+04
-9.437771875000000000e+04
-9.439190625000000000e+04
-9.440606250000000000e+04
-9.442021093750000000e+04
-9.443433593750000000e+04
-9.444843750000000000e+04
-9.446252343750000000e+04
-9.447660156250000000e+04
-9.449064843750000000e+04
-9.450468750000000000e+04
-9.451869531250000000e+04
-9.453268750000000000e+04
-9.454667968750000000e+04
-9.456063281250000000e+04
-9.457457031250000000e+04
-9.458850000000000000e+04
-9.460239843750000000e+04
-9.461629687500000000e+04
-9.463016406250000000e+04
-9.464401562500000000e+04
-9.465785156250000000e+04
-9.467166406250000000e+04
-9.468546093750000000e+04
-9.469924218750000000e+04
-9.471301562500000000e+04
-9.472676562500000000e+04
-9.474049218750000000e+04
-9.475420312500000000e+04
-9.476789062500000000e+04
-9.478157031250000000e+04
-9.479523437500000000e+04
-9.480887500000000000e+04
-9.482250000000000000e+04
-9.483610937500000000e+04
-9.484970312500000000e+04
-9.486327343750000000e+04
-9.487682812500000000e+04
-9.489036718750000000e+04
-9.490388281250000000e+04
-9.491739062500000000e+04
-9.493087500000000000e+04
-9.494435156250000000e+04
-9.495780468750000000e+04
-9.497124218750000000e+04
-9.498466406250000000e+04
-9.499806250000000000e+04
-9.501145312500000000e+04
-9.502481250000000000e+04
-9.503817187500000000e+04
-9.505150781250000000e+04
-9.506482812500000000e+04
-9.507813281250000000e+04
-9.509142968750000000e+04
-9.510469531250000000e+04
-9.511794531250000000e+04
-9.513118750000000000e+04
-9.514440625000000000e+04
-9.515761718750000000e+04
-9.517080468750000000e+04
-9.518396875000000000e+04
-9.519712500000000000e+04
-9.521027343750000000e+04
-9.522339843750000000e+04
-9.523650781250000000e+04
-9.524960156250000000e+04
-9.526267968750000000e+04
-9.527573437500000000e+04
-9.528877343750000000e+04
-9.530180468750000000e+04
-9.531482031250000000e+04
-9.532781250000000000e+04
-9.534080468750000000e+04
-9.535376562500000000e+04
-9.536671093750000000e+04
-9.537964843750000000e+04
-9.539256250000000000e+04
-9.540546093750000000e+04
-9.541835156250000000e+04
-9.543121875000000000e+04
-9.544407812500000000e+04
-9.545691406250000000e+04
-9.546975000000000000e+04
-9.548255468750000000e+04
-9.549534375000000000e+04
-9.550811718750000000e+04
-9.552089062500000000e+04
-9.553364062500000000e+04
-9.554636718750000000e+04
-9.555908593750000000e+04
-9.557178906250000000e+04
-9.558446875000000000e+04
-9.559714843750000000e+04
-9.560980468750000000e+04
-9.562245312500000000e+04
-9.563507031250000000e+04
-9.564768750000000000e+04
-9.566028125000000000e+04
-9.567286718750000000e+04
-9.568542968750000000e+04
-9.569798437500000000e+04
-9.571051562500000000e+04
-9.572304687500000000e+04
-9.573555468750000000e+04
-9.574804687500000000e+04
-9.576052343750000000e+04
-9.577299218750000000e+04
-9.578543750000000000e+04
-9.579786718750000000e+04
-9.581028906250000000e+04
-9.582269531250000000e+04
-9.583508593750000000e+04
-9.584746093750000000e+04
-9.585982812500000000e+04
-9.587217968750000000e+04
-9.588450000000000000e+04
-9.589682031250000000e+04
-9.590912500000000000e+04
-9.592141406250000000e+04
-9.593369531250000000e+04
-9.594595312500000000e+04
-9.595820312500000000e+04
-9.597042968750000000e+04
-9.598265625000000000e+04
-9.599485156250000000e+04
-9.600705468750000000e+04
-9.601922656250000000e+04
-9.603139062500000000e+04
-9.604353125000000000e+04
-9.605567187500000000e+04
-9.606778906250000000e+04
-9.607989843750000000e+04
-9.609199218750000000e+04
-9.610407031250000000e+04
-9.611614062500000000e+04
-9.612818750000000000e+04
-9.614022656250000000e+04
-9.615225000000000000e+04
-9.616426562500000000e+04
-9.617625781250000000e+04
-9.618824218750000000e+04
-9.620021093750000000e+04
-9.621216406250000000e+04
-9.622411718750000000e+04
-9.623603906250000000e+04
-9.624795312500000000e+04
-9.625985156250000000e+04
-9.627174218750000000e+04
-9.628361718750000000e+04
-9.629547656250000000e+04
-9.630732812500000000e+04
-9.631916406250000000e+04
-9.633098437500000000e+04
-9.634278906250000000e+04
-9.635458593750000000e+04
-9.636636718750000000e+04
-9.637814062500000000e+04
-9.638989062500000000e+04
-9.640162500000000000e+04
-9.641335937500000000e+04
-9.642508593750000000e+04
-9.643678906250000000e+04
-9.644846093750000000e+04
-9.646014843750000000e+04
-9.647181250000000000e+04
-9.648346093750000000e+04
-9.649510156250000000e+04
-9.650671875000000000e+04
-9.651833593750000000e+04
-9.652992968750000000e+04
-9.654151562500000000e+04
-9.655309375000000000e+04
-9.656464843750000000e+04
-9.657620312500000000e+04
-9.658774218750000000e+04
-9.659926562500000000e+04
-9.661076562500000000e+04
-9.662226562500000000e+04
-9.663375000000000000e+04
-9.664522656250000000e+04
-9.665668750000000000e+04
-9.666812500000000000e+04
-9.667956250000000000e+04
-9.669099218750000000e+04
-9.670239843750000000e+04
-9.671378906250000000e+04
-9.672517968750000000e+04
-9.673654687500000000e+04
-9.674790625000000000e+04
-9.675925000000000000e+04
-9.677058593750000000e+04
-9.678191406250000000e+04
-9.679321875000000000e+04
-9.680452343750000000e+04
-9.681581250000000000e+04
-9.682708593750000000e+04
-9.683833593750000000e+04
-9.684958593750000000e+04
-9.686082812500000000e+04
-9.687205468750000000e+04
-9.688327343750000000e+04
-9.689446093750000000e+04
-9.690565625000000000e+04
-9.691683593750000000e+04
-9.692799218750000000e+04
-9.693914843750000000e+04
-9.695028906250000000e+04
-9.696142187500000000e+04
-9.697253906250000000e+04
-9.698364062500000000e+04
-9.699474218750000000e+04
-9.700581250000000000e+04
-9.701688281250000000e+04
-9.702793750000000000e+04
-9.703899218750000000e+04
-9.705002343750000000e+04
-9.706104687500000000e+04
-9.707205468750000000e+04
-9.708306250000000000e+04
-9.709403906250000000e+04
-9.710502343750000000e+04
-9.711598437500000000e+04
-9.712693750000000000e+04
-9.713788281250000000e+04
-9.714881250000000000e+04
-9.715972656250000000e+04
-9.717064062500000000e+04
-9.718152343750000000e+04
-9.719241406250000000e+04
-9.720328125000000000e+04
-9.721414843750000000e+04
-9.722499218750000000e+04
-9.723582812500000000e+04
-9.724665625000000000e+04
-9.725747656250000000e+04
-9.726827343750000000e+04
